220	SNLS 04D4dw	SN*	22 16 44.674	-17 50 02.66	 	 	 	 	22.04	SNIa	13	1
201	SNLS 04D4dm	SN*	22 15 25.454	-17 14 42.57	 	 	 	 	23.44	SNIa	14	1
196	SNLS 04D4bq	SN*	22 14 49.424	-17 49 39.34	 	 	 	 	23.79	SNIa	16	2
200	SNLS 04D4bk	SN*	22 15 07.704	-18 03 36.99	 	 	 	 	26.49	SNIa	12	1
205	SNLS 04D4an	SN*	22 15 57.101	-17 41 43.81	 	 	 	 	20.70	SNIa	13	1
139	SNLS 04D3oe	SN*	14 19 39.384	+52 33 13.85	 	 	 	 	 	SNIa	10	1
130	SNLS 04D3ny	SN*	14 18 56.320	+52 11 14.87	 	 	 	 	22.91	SNIa	14	1
168	SNLS 04D3nr	SN*	14 22 38.508	+52 38 55.27	 	 	 	 	 	SNIa	10	1
148	SNLS 04D3nq	SN*	14 20 19.135	+53 09 15.89	 	 	 	 	 	SNIa	5	2
162	SNLS 04D3nh	SN*	14 22 26.708	+52 20 00.41	 	 	 	 	22.17	SNIa	16	2
98	SNLS 04D3nc	SN*	14 16 18.219	+52 16 25.69	 	 	 	 	23.25	SNIa	12	1
106	SNLS 04D3ml	SN*	14 16 39.068	+53 05 35.71	 	 	 	 	22.84	SNIa	15	1
134	SNLS 04D3mk	SN*	14 19 25.764	+53 09 49.30	 	 	 	 	23.08	SNIa	12	1
154	SNLS 04D3lu	SN*	14 21 07.970	+52 58 29.25	 	 	 	 	21.26	SNIa	12	1
142	SNLS 04D3lp	SN*	14 19 50.909	+52 30 11.50	 	 	 	 	24.25	SNIa	13	1
167	SNLS 04D3ks	SN*	14 22 33.547	+52 11 06.66	 	 	 	 	24.74	SNIa	11	1
104	SNLS 04D3kr	SN*	14 16 35.934	+52 28 43.95	 	 	 	 	21.53	SNIa	16	2
136	SNLS 04D3ki	SN*	14 19 34.598	+52 17 32.61	 	 	 	 	 	~	6	1
109	SNLS 04D3is	SN*	14 16 51.968	+52 48 45.70	 	 	 	 	 	~	6	1
161	SNLS 04D3hn	SN*	14 22 06.895	+52 13 42.91	 	 	 	 	20.09	SNIa	14	2
146	SNLS 04D3gx	SN*	14 20 13.668	+52 16 58.00	 	 	 	 	 	SNIa	13	1
164	SNLS 04D3gt	SN*	14 22 32.591	+52 38 48.92	 	 	 	 	 	SNIa	11	2
110	SNLS 04D3fq	SN*	14 16 57.885	+52 22 46.10	 	 	 	 	23.29	SNIa	15	1
126	SNLS 04D3fk	SN*	14 18 26.184	+52 31 42.48	 	 	 	 	20.79	SNIa	15	2
132	SNLS 04D3ez	SN*	14 19 07.834	+53 04 19.01	 	 	 	 	19.20	SNIa	16	2
114	SNLS 04D3do	SN*	14 17 46.082	+52 16 03.19	 	 	 	 	21.75	SNIa	12	1
122	SNLS 04D3df	SN*	14 18 10.001	+52 16 39.67	 	 	 	 	 	SNIa	12	2
116	SNLS 04D3dd	SN*	14 17 48.405	+52 28 14.44	 	 	 	 	25.24	SNIa	15	1
124	SNLS 04D3cy	SN*	14 18 12.434	+52 39 29.99	 	 	 	 	21.37	SNIa	12	1
150	SNLS 04D3cp	SN*	14 20 23.918	+52 49 15.36	 	 	 	 	20.09	SNIa	13	1
118	SNLS 04D3co	SN*	14 17 49.979	+52 57 49.00	 	 	 	 	23.67	SNIa	12	1
113	SNLS 04D3bf	SN*	14 17 45.067	+52 28 04.05	 	 	 	 	 	SNIa	3	1
54	SNLS 04D2ja	SN*	09 58 48.502	+01 46 18.25	 	 	 	 	20.88	SNIa	13	1
67	SNLS 04D2iu	SN*	10 01 13.179	+02 24 54.18	 	 	 	 	 	SNIa	11	1
55	SNLS 04D2gp	SN*	09 59 20.373	+02 30 31.96	 	 	 	 	23.61	SNIa	13	1
73	SNLS 04D2gc	SN*	10 01 39.265	+01 52 58.99	 	 	 	 	22.23	SNIa	16	2
81	SNLS 04D2gb	SN*	10 02 22.668	+01 53 38.98	 	 	 	 	21.02	SNIa	13	2
63	SNLS 04D2fs	SN*	10 00 22.086	+01 45 55.43	 	 	 	 	23.66	SNIa	16	2
57	SNLS 04D2fp	SN*	09 59 28.120	+02 19 15.65	 	 	 	 	19.87	SNIa	18	2
71	SNLS 04D2cw	SN*	10 01 22.779	+02 11 54.81	 	 	 	 	 	SNIa	5	2
79	SNLS 04D2cf	SN*	10 01 56.090	+01 52 46.12	 	 	 	 	18.82	SNIa	13	2
69	SNLS 04D2ca	SN*	10 01 20.487	+02 20 21.68	 	 	 	 	 	SNIa	4	1
65	SNLS 04D2an	SN*	10 00 52.309	+02 02 28.43	 	 	 	 	25.93	SNIa	10	1
77	SNLS 04D2al	SN*	10 01 52.475	+02 09 50.78	 	 	 	 	23.36	SNIa	8	1
75	SNLS 04D2ae	SN*	10 01 52.342	+02 13 21.12	 	 	 	 	 	SNIa	4	1
61	SNLS 04D2ac	SN*	10 00 18.882	+02 41 21.34	 	 	 	 	 	SNIa	5	2
42	SNLS 04D1ak	SN*	02 27 33.355	-04 19 38.78	 	 	 	 	 	SNIa	9	2
24	SNLS 04D1aj	SN*	02 25 53.960	-04 59 40.60	 	 	 	 	 	SNIa	11	1
16	SNLS 04D1ag	SN*	02 24 41.097	-04 17 19.50	 	 	 	 	 	SNIa	9	2
191	SNLS 03D4gl	SN*	22 14 44.174	-17 31 44.09	 	 	 	 	22.73	SNIa	16	2
216	SNLS 03D4gg	SN*	22 16 40.190	-18 09 52.05	 	 	 	 	20.80	SNIa	13	2
186	SNLS 03D4gf	SN*	22 14 22.932	-17 44 02.52	 	 	 	 	24.54	SNIa	13	2
211	SNLS 03D4fd	SN*	22 16 14.451	-17 23 44.06	 	 	 	 	22.76	SNIa	15	1
198	SNLS 03D4dy	SN*	22 14 50.526	-17 57 23.32	 	 	 	 	 	SNIa	14	1
183	SNLS 03D4di	SN*	22 14 10.239	-17 30 23.82	 	 	 	 	22.23	SNIa	12	1
221	SNLS 03D4dh	SN*	22 17 31.027	-17 37 46.75	 	 	 	 	21.79	SNIa	13	1
217	SNLS 03D4cz	SN*	22 16 41.860	-17 55 34.57	 	 	 	 	21.45	SNIa	15	1
181	SNLS 03D4cy	SN*	22 13 40.415	-17 40 53.91	 	 	 	 	22.38	SNIa	16	1
190	SNLS 03D4cx	SN*	22 14 33.754	-17 35 15.04	 	 	 	 	21.82	SNIa	15	1
213	SNLS 03D4cn	SN*	22 16 34.465	-17 16 12.56	 	 	 	 	 	SNIa	10	1
207	SNLS 03D4cj	SN*	22 16 06.627	-17 42 16.76	 	 	 	 	 	SNIa	13	2
203	SNLS 03D4bc	SN*	22 15 28.143	-17 49 48.66	 	 	 	 	 	~	4	1
210	SNLS 03D4au	SN*	22 16 09.928	-18 04 39.32	 	 	 	 	 	SNIa	11	2
188	SNLS 03D4at	SN*	22 14 24.040	-17 46 36.22	 	 	 	 	23.28	SNIa	16	1
159	SNLS 03D3bh	SN*	14 21 35.900	+52 31 38.70	 	 	 	 	 	SNIa	10	1
121	SNLS 03D3ay	SN*	14 17 58.459	+52 28 57.41	 	 	 	 	19.15	SNIa	13	1
153	SNLS 03D3aw	SN*	14 20 53.532	+52 36 20.25	 	 	 	 	19.38	SNIa	13	1
157	SNLS 03D3af	SN*	14 21 14.877	+52 32 15.29	 	 	 	 	 	SNIa	9	1
20	SNLS 03D1gt	SN*	02 24 56.010	-04 07 36.81	 	 	 	 	 	SNIa	9	2
38	SNLS 03D1fq	SN*	02 26 55.664	-04 18 07.98	 	 	 	 	21.83	SNIa	14	1
26	SNLS 03D1fl	SN*	02 25 58.298	-04 07 44.03	 	 	 	 	 	SNIa	9	1
22	SNLS 03D1fc	SN*	02 25 43.596	-04 08 38.61	 	 	 	 	19.55	SNIa	14	2
40	SNLS 03D1fb	SN*	02 27 12.875	-04 07 16.44	 	 	 	 	 	~	2	2
11	SNLS 03D1ew	SN*	02 24 14.111	-04 39 57.07	 	 	 	 	26.37	SNIa	17	1
34	SNLS 03D1dt	SN*	02 26 31.192	-04 03 08.43	 	 	 	 	21.91	SNIa	9	1
30	SNLS 03D1dj	SN*	02 26 19.071	-04 07 08.72	 	 	 	 	 	SNIa	5	2
29	SNLS 03D1co	SN*	02 26 16.259	-04 56 06.18	 	 	 	 	23.94	SNIa	17	1
18	SNLS 03D1cm	SN*	02 24 55.268	-04 23 03.40	 	 	 	 	 	SN.Iap:	8	1
37	SNLS 03D1bp	SN*	02 26 37.736	-04 50 19.61	 	 	 	 	18.72	SNIa	13	2
32	SNLS 03D1bk	SN*	02 26 27.414	-04 32 12.12	 	 	 	 	20.21	SNIa	9	1
7	SNLS 03D1bf	SN*	02 24 02.391	-04 55 57.11	 	 	 	 	 	SNIa	3	1
15	SNLS 03D1ax	SN*	02 24 23.349	-04 43 14.79	 	 	 	 	18.49	SNIa	18	2
13	SNLS 03D1aw	SN*	02 24 14.792	-04 31 01.77	 	 	 	 	22.53	SNIa	14	2
8	SNLS 03D1au	SN*	02 24 10.370	-04 02 14.89	 	 	 	 	21.87	SNIa	15	2