2691	2700z			0	0	0	47
2703z	2705z			0	3.1	15	41
2720	2725	2739z		0	5.9	-18	26
2720	2725			0	3.7	-18	9
16z	2696z			0	7.5	3	33
2721z	2730z	2750		0	8.2	-36	8
2721z	2730z			0	5.5	-35	29
14z	2734z			0	10.7	-26	39
2754	2762z			0	15.8	-53	27
2736z	2773			0	16.1	-43	7
2758z	2769			0	18.8	-40	59
2731z	2806z			0	22.8	-56	51
2764z	2782			0	22.9	-51	35
62	67z	69		0	34	19	4
67z	69			0	34.7	18	31
71z	77z			0	36.5	29	17
40z	79z	84z	98z	0	36.7	18	50
40z	79z			0	32	16	60
84z	98z			0	41.5	20	40
2797	2819z			0	39.2	-63	24
88z	2788	2804	2811	0	39.5	-28	18
2814	2829z						
2788	2804	2811	2814	0	36.9	-28	40
2804	2814			0	39	-29	2
74z	80z	86z	114z	0	43.8	-22	23
133z	2800z	2816	2824z				
74z	80z	86z	2800z	0	37.4	-23	45
114z	133z	2824z		0	52.5	-21	53
80z	2800z			0	36.7	-25	10
74z	86z			0	38.2	-22	20
114z	2824z			0	48.6	-21	47
102z	116z	134z		0	53.3	0	26
102z	116z			0	49.7	0	44
118z	122z			0	54.1	-26	37
85z	117z	126z	151z	0	54.1	-12	32
85z	117z			0	46.3	-9	58
126z	151z			1	1.8	-15	5
2843	2850z			0	55.5	-28	33
115z	132			0	56.8	26	25
2841z	2854z	2889z		1	1.3	-49	36
2841z	2854z			0	55.7	-50	0
2859z	2864			1	1.6	-67	31
119z	147z	168z		1	4	0	7
147z	168z			1	9.1	0	56
2860z	2870z	2877z		1	5	-44	28
2870z	2877z			1	6.5	-46	40
125z	170			1	5.5	13	25
136z	137	143	163	1	6.4	24	60
137	143	163	167	1	7.6	25	2
137	143			1	2.9	25	44
163	167			1	12.4	24	20
150z	154z	158z	171z	1	9.6	15	44
150z	154z	158z		1	8	15	38
154z	158z			1	8.7	17	0
157	166z			1	10.3	-15	37
161z	174z			1	14.5	36	21
183z	2894	2902		1	18	-21	55
183z	2894			1	17.3	-22	32
160z	193z	195z		1	19	14	13
160z	195z			1	17.2	17	5
172	192z	203		1	20.6	2	57
172	192z			1	18	3	36
186z	190z			1	20.7	-10	24
175z	200			1	21.1	14	47
204z	224z			1	30.9	-7	8
201z	247			1	33.9	16	50
209z	222z	223z	242	1	34.9	-13	40
209z	222z	223z		1	33.3	-13	23
222z	223z			1	35.2	-13	9
216z	217z	243z		1	36.1	-8	30
216z	217z			1	34.1	-7	30
218	232z	236z		1	36.6	-11	15
232z	236z			1	37.8	-11	22
213	221	227	234z	1	39	18	55
213	221	227	249	1	38.7	19	5
234z	244			1	39.8	18	27
221	227			1	36.2	17	54
249	250			1	44.1	19	38
226z	228z	259z		1	40.3	-11	2
226z	228z			1	36.6	-10	25
240z	246z			1	40.7	6	28
245z	279z			1	47.6	3	29
256	274z			1	48.6	-5	19
225z	257z	292z	311z	1	52.1	17	41
292z	311z			2	3	19	10
292z	311z			2	3	19	10
266z	277z	281z		1	52.7	-6	3
266z	277z			1	51.7	-6	1
272z	278z			1	53.4	32	50
293z	312			2	3.2	4	5
316	332z			2	10.3	-13	47
2988z	3004z	3009z		2	16.1	-48	8
262z	347z	426z		2	29.3	39	38
347z	426z			2	49	41	29
376z	407z			2	50.6	36	9
389z	3070z			2	51.7	-25	1
397z	400z			2	54.6	10	47
399z	401z			2	55.7	13	6
403z	410z			2	58.9	3	27
415z	423z			3	6.6	-12	16
419z	3094z	3095z		3	8.6	-26	6
3094z	3095z			3	9.8	-27	13
3093z	3100z	3108z	3109z	3	12.5	-46	51
3100z	3108z	3109z		3	13.6	-46	37
3100z	3108z			3	12.9	-47	54
3111	3112z			3	16.1	-45	10
3120z	3123z			3	20.9	-51	51
3104	3133z			3	21.8	-45	51
3110z	3131			3	22.5	-51	9
3125z	3128z	3158z	3164z	3	35.3	-54	21
3125z	3128z	3158z		3	32.2	-53	24
3125z	3128z			3	27.4	-53	12
3136z	3186z			3	42.7	-73	4
3144z	3193z	3202z		3	50.6	-53	49
3144z	3202z			3	47.4	-54	29
3163	3229z			3	57.4	-57	15
465z	478z			3	59.4	8	16
3225z	3231z	3266z		4	16.8	-62	1
3231z	3266z			4	20.9	-63	9
449z	527z			4	23.7	74	20
484z	496z	536z		4	36.9	-10	9
484z	496z			4	22.6	-10	35
494	506z	513z	516z	4	40.7	-9	6
506z	513z			4	43.3	-9	49
500z	514z			4	41.1	-21	22
518z	521			4	50.4	-10	34
533z	3323			5	4.4	-25	52
3311	3317	3330z		5	7.4	-49	17
3311	3317			5	4.4	-49	22
3324	3327	3336z		5	14.1	-41	27
3327	3336z			5	16	-40	2
548z	3367z			5	46.1	-25	4
3391z	3395z			6	25.8	-54	0
559z	564z			6	44.9	69	49
569z	634z			7	37.9	53	27
571z	636z			7	44.1	72	27
612z	628z			8	2.3	35	10
599	618	621	629z	8	3.2	68	22
618	629z			8	7.2	67	8
616	626	646z	655z	8	12	47	43
646z	655z			8	20.2	47	17
616	626			8	3.9	48	9
645	652z			8	20.2	56	28
668z	672			8	25.1	33	48
690z	692z	699z		8	38.6	27	58
692z	699z			8	39.7	27	27
695z	726z			8	46.8	31	53
728	743	750z		9	1.8	10	38
743	750z			9	5.2	10	51
733z	784z			9	8.2	55	30
684	762z	765z	787z	9	10.9	73	44
788z							
762z	765z	787z	788z	9	19.1	73	56
762z	765z	787z		9	17.7	74	24
762z	765z			9	14.7	74	16
754z	780z			9	11.2	-10	45
769z	774			9	12.3	4	38
795z	817	832		9	28	16	2
817	832			9	31.3	16	50
786z	809z	818z	848z	9	33.5	75	28
786z	818z	848z		9	33.5	74	47
818z	848z			9	38.3	74	39
855	868z			9	41	-8	44
859	882z			9	44.8	8	47
864z	873z	881	922z	9	53	71	33
864z	873z	881		9	48.6	71	39
900	913z	932		9	59.6	19	48
913z	932			10	2.5	20	17
871	960z			10	1.2	66	15
912z	957z			10	5	0	15
933z	954z			10	8.1	0	27
943	951z	977		10	12.8	34	7
943	951z			10	10.2	34	25
947z	962z			10	13.4	63	32
950z	985z	1002z		10	17.8	50	50
950z	1002z			10	16.7	50	6
930z	970z	978z	979z	10	18.7	-7	8
930z	970z	978z	979z	10	15	-6	54
930z	978z	979z	993z	10	14.9	-6	0
978z	979z	993z		10	18.4	-6	12
978z	993z			10	18.7	-5	29
965z	980z	1000z		10	18.9	50	19
965z	980z			10	17.4	50	15
945z	968z	981z	998z	10	20	68	22
981z	998z	1005z	1006z	10	22.8	68	5
945z	968z			10	14.6	68	56
981z	998z	1005z		10	22.4	68	21
961z	1033z			10	21.1	34	37
990z	1004z			10	21.4	50	22
975z	1014z			10	22.3	65	18
999z	1016z			10	22.5	12	10
972	995	997	1010	10	27.7	38	42
972	995	997	1010	10	22.9	38	58
1055	1073z			10	37	37	10
995	997			10	20.8	37	39
1010	1026	1031		10	26.2	39	33
1010	1031			10	25.7	39	9
1021	1067z			10	31.7	39	12
1046z	1061z			10	35.6	67	51
1023	1041	1075	1079	10	35.8	-7	43
1084z							
1041	1075	1079	1084z	10	38.3	-8	1
1079	1084z			10	41.5	-6	59
1051	1074z			10	37.1	46	41
1052	1094z	1096		10	41.3	28	9
1094z	1096			10	45.1	28	3
1065	1072	1132z		10	44.5	57	18
1065	1072			10	39	57	24
1087	1106	1110z		10	46.5	43	42
1087	1106			10	45.3	44	13
1100z	1213z			11	0	26	1
1146z	1161			11	0.9	-22	9
1070	1255z			11	3.4	77	5
1155z	1187z	1190z		11	6.6	38	49
1187z	1190z			11	8.9	40	29
1149z	1171z	1238z		11	8.6	4	10
1171z	1238z			11	12.6	2	18
1143z	1202	1231		11	9.8	49	28
1202	1231			11	15.2	48	53
1179	1235z			11	13.7	22	4
1188	1234z			11	14.2	21	44
1169z	1275z			11	16.3	40	35
1177z	1185z	1228z	1257z	11	16.5	29	40
1177z	1185z	1267z		11	13.4	26	1
1228z	1257z			11	21.1	35	7
1185z	1267z			11	16.7	28	3
1204z	1219z	1232z	1251	11	17.1	17	42
1232z	1251			11	20.8	17	59
1204z	1219z			11	13.3	17	25
1123z	1150z	1297z	1301z	11	20.6	75	26
1123z	1150z	1297z	1301z	11	14.3	75	24
1123z	1150z			10	57.8	74	53
1297z	1301z			11	30.7	75	56
1258	1268z	1272z		11	25.4	24	39
1268z	1272z			11	26.4	24	7
1264z	1278z			11	26.1	19	6
1221z	1331z			11	26.4	63	25
1216z	1308z	1334z		11	27.3	-3	59
1249z	1335z			11	29.8	68	22
1227z	1361z			11	29.9	47	28
1303	1304z			11	30.1	36	25
1254z	1339z			11	31.2	72	21
1289z	1322z			11	31.5	62	16
1186z	1412z			11	31.7	74	42
1239z	1357z	1359z		11	34.1	61	19
1357z	1359z			11	40.6	61	45
1315z	1329z			11	34.4	71	48
1317z	1344z			11	35.4	-11	52
1341z	1342z	1345z	1372z	11	39.4	10	57
1341z	1342z	1345z		11	38.2	10	40
1341z	1342z			11	38	10	30
1332z	1375			11	39.5	-8	31
1346z	1362z			11	39.8	6	52
1307z	1337z	1385z	1390z	11	39.9	12	24
1337z	1385z	1390z		11	43.1	11	36
1385z	1390z			11	46.2	12	11
1356z	1371z			11	41.4	13	16
1218z	1400z	1468z		11	42.6	53	2
1218z	1400z			11	32.4	53	41
1368z	1387z			11	44.2	51	43
1364z	1376	1389	1404	11	45.3	-1	30
1376	1389	1404		11	46.8	-1	30
1376	1389			11	45.2	0	58
1386	1392z			11	46.9	-1	0
1302z	1366z	1406z	1421z	11	47	67	50
1366z	1406z	1421z		11	49.1	68	2
1406z	1421z			11	52.5	68	12
1384	1388	1413z		11	48.2	23	3
1384	1413z			11	49.1	23	14
1373z	1407	1419		11	49.2	-1	12
1407	1419			11	52.3	0	43
1291z	1318z	1377z	1383z	11	49.3	55	54
1291z	1318z	1377z		11	35.7	55	51
1383z	1436z	1452z		11	54.8	54	29
1291z	1377z			11	36.8	56	10
1382z	1467z			11	54.3	72	18
1402z	1446z			11	54.6	59	30
1420z	1425z			11	54.8	26	31
1365z	1423z	1480z		11	54.9	32	5
1411	1445z			11	55.9	0	5
1438	1455z			11	59.7	29	7
1448z	1469z			12	1.8	-6	42
1431	1449	1486	1495z	12	4.4	29	55
1486	1495z			12	10.1	30	11
1431	1449			11	58.7	29	39
1487z	1506			12	11.3	31	9
1477z	1518z			12	11.5	64	4
1497z	1519			12	14.2	27	4
1491	1493	1523	1524z	12	14.8	7	15
1523	1524z			12	19	7	16
1491	1493			12	10.5	7	14
1367z	1656z			12	19.6	24	11
1474z	1526z	1552z	1569z	12	21.5	14	32
1474z	1526z			12	12.5	14	37
1528z	1617z			12	32.9	59	20
1577z	1581	1599		12	37.6	2	3
1581	1599			12	38.7	3	4
1559z	1561z	1597z	1674z	12	40.7	69	20
1561z	1597z			12	35	71	4
1559z	1674z			12	46.3	67	35
1590z	1614z			12	41.2	71	42
1575	1594	1602	1619	12	42.6	28	4
1575	1594	1602		12	38.5	27	29
1619	1632z			12	48.7	28	57
1594	1602			12	40.3	27	41
1539z	1678z			12	43.5	62	40
1060z	3526z	3537z	3565z	12	43.8	-32	51
3526z	3537z	3565z	3574z	13	16.1	-34	14
3537z	3574z			13	22.3	-31	6
3526z	3565z			13	9.9	-37	22
1566z	1621z	1646z		12	44.4	63	21
1621z	1646z			12	50.2	62	42
1546z	1636z	1655z		12	44.4	64	33
1636z	1655z			12	53.8	64	22
1601z	1618	1639		12	46.7	10	17
1618	1639			12	49.5	10	47
1500z	1741z			12	47.1	73	12
1631z	1644z			12	52.4	-16	8
1650z	1651z			12	56.5	-2	43
1638z	1668z			12	56.8	19	24
1648	1664z			12	58.6	-25	10
1661z	1667z	1679z		13	1.5	31	10
1667z	1679z			13	2.5	32	4
1640z	1701z			13	2	62	3
1672z	1675z	1677z		13	2.9	33	16
1672z	1675z			13	2.6	34	19
1643z	1702			13	2.9	44	52
1682z	1708z			13	9.6	46	47
1696	1697z			13	10.5	48	11
1685z	1716			13	12.6	34	36
1687z	1707z	1731z	1761	13	18.3	58	23
1687z	1707z	1731z		13	14.1	58	32
1687z	1707z			13	10.7	58	35
1713z	1734			13	19.5	56	54
1709z	1736z	3528z	3530z	13	27.1	-31	18
1736z	3553z	3555z	3556z	13	32.2	-31	47
1736z	3553z	3555z	3556z	13	25.9	-31	54
3570z	3571z	3572z	3575z	13	45.9	-34	1
3528z	3530z	3532z		12	53	-29	39
3555z	3556z	3558z	3559z	13	27.3	-31	54
3577z	3578z			13	53.1	-26	2
3556z	3558z	3560z	3562z	13	28.9	-32	53
3571z	3572z	3575z		13	46.5	-32	48
3556z	3558z	3560z	3562z	13	26.5	-31	45
1736z	3559z			13	25.6	-28	4
1738z	1764z			13	28	59	1
1759z	1760z			13	31.6	20	30
1740	1770	1774z		13	33.6	41	15
1770	1774z			13	38.4	40	54
1767z	1783z			13	37.8	57	40
1773z	1780z	1809z		13	44.2	3	41
1773z	1780z			13	40.8	2	49
1781z	1795z			13	44.4	28	28
1777z	1851z			13	48.4	72	7
1793z	1813z			13	48.7	34	9
1825z	1827z	1828z		13	55.8	20	30
1825z	1828z			13	55.8	19	46
1775z	1800z	1831z	1873z	13	58.3	27	24
1775z	1800z	1831z		13	48	27	44
1800z	1831z			13	52.1	28	17
1842z	1852z			14	0.7	17	1
1848z	1893z			14	5	74	28
1885z	1901z			14	15.4	42	14
1872z	1918z			14	15.7	62	47
3592	3593z			14	16.1	-20	39
3594	3596z	3598		14	21.5	-18	10
3594	3598			14	21.1	-17	30
1900z	1914z			14	21.5	37	9
1908	1921z	1926z		14	25.6	24	57
1920z	1936z	1937z	1940z	14	31.4	56	14
1936z	1940z			14	33.4	55	12
1899z	1913z	1991z		14	31.9	17	54
1899z	1913z			14	21.7	17	25
1927z	1939z			14	31.9	25	28
1941	1944z			14	35.5	30	40
1929z	1934z	1958z	1961z	14	37.4	30	45
1958z	1961z	1963z		14	42.1	31	26
1929z	1934z			14	30.4	29	43
1958z	1961z			14	41.7	31	18
1933z	1975z	2002z		14	42.2	69	26
1954z	1973			14	43	28	11
1925z	1962z	1999z	2000z	14	43.5	55	26
1925z	1962z			14	34.1	56	15
1999z	2000z			14	52.8	54	36
1967	1970z			14	45	11	47
1979z	1987			14	49.8	32	1
1972z	1976z	1980z	1986z	14	50.5	21	52
1988z	2006z						
1976z	1980z	1986z	1988z	14	51.4	21	24
2006z							
1976z	1980z	1986z	1988z	14	49.9	21	47
1976z	1986z	1988z		14	50.1	21	26
1976z	1988z			14	49.6	21	5
1984z	1990z	2005z		14	52.8	28	9
1990z	2005z			14	54.1	28	9
1982z	2022z			14	55.6	29	47
2001z	2008z	2017z		14	57.6	23	13
2008z	2017z			14	59	23	21
2028z	2029z	2033z		15	8.2	6	44
2028z	2029z			15	7.7	6	50
2020z	2055z			15	8.8	7	16
2019z	2056z			15	8.9	27	55
2026z	2048z			15	9.4	2	15
2034	2046	2049z		15	10.5	33	35
2034	2046			15	9.4	34	22
2030	2050z	2053z		15	12.4	0	2
2030	2050z			15	11.2	0	12
2052z	2063z			15	17.4	8	0
2062z	2069z	2083z		15	22.9	31	5
2069z	2083z			15	24.6	30	30
2061z	2065z	2067z	2079z	15	24.8	29	44
2061z	2065z	2067z	2089z	15	22.9	29	30
2079z	2092z			15	28.6	30	11
2065z	2089z			15	25.6	28	3
2061z	2067z			15	20.2	30	58
2093z	2096z	2100z		15	33.5	37	31
2094	2128z			15	40.2	-2	23
2107z	2147z	2148z	2151z	15	57	19	37
2147z	2148z	2151z	2152z	16	1.8	19	2
2147z	2151z	2152z		16	2	16	50
2142z	2175z	2178z		16	11.3	27	23
2155	2177z			16	12	25	30
2168z	2169z	2184z		16	14.8	51	17
2169z	2184z			16	16.2	49	47
2158z	2172z	2179z	2183z	16	19.7	42	17
2172z	2179z	2183z		16	17.9	42	38
2196z	2211z			16	29	41	19
2179z	2183z			16	19.2	42	41
2162z	2197z	2199z		16	21.3	36	46
2197z	2199z			16	26.6	40	19
2187z	2190	2192z	2206	16	30.1	42	57
2187z	2190	2192z	2206	16	25.3	42	51
2190	2192z	2206		16	26.3	43	21
2221	2222			16	39.5	43	8
2182	2224z			16	30.9	13	59
2204z	2210z			16	31.3	5	39
2180	2202	2215	2230z	16	32.2	48	24
2180	2202	2215		16	27.7	48	18
2202	2215			16	32.2	48	33
2213z	2214z			16	35.4	39	41
2207	2218z	2226	2229	16	36	66	11
2207	2218z	2226		16	33.8	66	21
2218z	2226			16	37	66	45
2176z	2189	2203	2236	16	36.5	72	16
2176z	2189	2203	2236	16	27	72	17
2236	2260			17	2.6	71	53
2176z	2189	2203		16	19	72	32
2189	2203			16	21.6	73	1
2194	2220z	2242		16	39.7	55	13
2220z	2242			16	47.5	54	11
2223z	2228z			16	43.1	28	47
2233	2235z			16	52.1	41	41
2241z	2250z			17	3.5	36	11
2245z	2249z	2253z		17	7.4	35	37
2245z	2249z			17	4.4	34	4
2257z	2263z			17	18.6	29	49
2248z	2256z	2271z	2296z	17	20.7	77	55
2256z	2271z	2296z		17	27.7	78	11
2256z	2271z			17	13.2	78	26
2261	2266z			17	21.7	32	11
2301z	2304z	2308z	2309z	18	39.9	70	49
2311z	2312z	2315z					
2301z	2304z	2308z	2311z	18	39.1	69	41
2312z	2315z						
2311z	2312z	2315z		18	55.1	69	30
2301z	2304z			18	17.5	69	16
2311z	2315z			18	55.7	70	6
3651z	3667z			19	58.3	-56	5
3663	3692z			20	17.3	-52	11
3683	3694z			20	28.8	-33	31
3687z	3703z			20	32.5	-62	21
3656z	3698z	3706z	3742z	20	33.1	-37	30
3656z	3706z			20	18.1	-38	35
3693	3695z	3696z	3705z	20	33.3	-35	17
3693	3695z			20	31.4	-35	20
2330z	2333	3729		20	56.6	-22	4
2330z	3729			20	55.8	-23	23
3744z	3747z			21	4.8	-34	41
3739	3751	3755	3756z	21	9.2	-42	46
3751	3755			21	11.6	-43	20
2339z	3778			21	23.9	-22	16
3764z	3787			21	27.8	-36	12
3781z	3782z			21	30.6	-64	39
3750	3766	3771z	3777z	21	32.4	-50	39
3766	3771z	3777z	3785z	21	32.9	-51	32
3817	3818			21	48	-49	16
3777z	3785z			21	30.2	-53	3
3766	3771z			21	24.9	-50	15
2353	2355z	2356z		21	32.6	0	16
2353	2356			21	32.5	0	58
2378z	3770			21	35.2	-20	40
3795	3813z			21	40.9	-32	8
2361z	2362z	2372z	2382z	21	44.5	-17	6
2361z	2362z	2382z		21	41.2	-14	59
2372z	2401z			21	49.3	-20	16
2361z	2362z			21	37.2	-14	32
3806z	3822z	3825z	3826z	21	51.2	-58	9
3806z	3822z	3826z		21	50.1	-57	20
3806z	3822z			21	46.8	-57	48
3809z	3831z			21	52	-45	6
2366z	2399z	2415z		21	52.6	-6	59
2399z	2415z			21	58.8	-6	56
2384z	3828			21	54.1	-20	11
2377z	2400z	2402z	2410z	21	59.2	-10	41
2377z	2402z	2410z		21	52.9	-10	9
2420z	2428z			22	10.6	-11	1
3799z	3879			22	0.5	-71	7
3816z	3867			22	2.5	-56	44
3827z	3860			22	7.4	-58	46
3836	3839	3849z	3877	22	12.3	-50	33
3839	3877			22	15.2	-49	10
3836	3849z			22	9.4	-51	56
3851z	3864z			22	15.2	-52	47
3854z	3888z			22	23.1	-36	58
3875	3886z			22	25.6	-56	14
2459z	2462z	2492z		22	39.4	-17	42
2477	2480	2496z		22	44.3	-17	20
2477	2480			22	42.3	-17	40
2479z	2524z			22	51.6	17	13
2511z	2525z			22	58.7	-9	22
2518z	2521z			22	58.8	-23	20
2528z	3949			22	59.5	-20	57
2514	2531z	2539z		23	2.7	-22	23
2531z	2539z			23	5.2	-21	51
2526	2542z			23	4.4	-24	32
2534z	2536z			23	5	-22	49
2538z	2556z	2566z	3964	23	7.8	-20	43
2538z	2566z	3964		23	7	-20	20
2538z	3964			23	3.8	-20	10
2546z	2548z	2554z		23	8.8	-21	48
2548z	2554z			23	9.2	-21	13
2540z	2550z	2565z	3996	23	11.9	-22	3
2565z	3996			23	15.9	-21	53
2555z	2568z			23	12.2	-22	29
3988	3992z			23	15.7	-73	43
2572z	2589z	2592z	2593z	23	24.7	15	14
2572z	2589z	2592z	2593z	23	20.3	16	49
2572z	2589z	2593z		23	19.8	16	28
2597z	2638z			23	30.3	-12	11
2616z	2623z			23	31.6	5	20
4008z	4026			23	32.9	-38	42
2622z	2625z	2626z		23	33.4	22	47
2625z	2626z			23	33.9	20	35
2618z	2637z			23	34	21	58
2619z	2640			23	34.7	20	33
2632z	2636	2646z	2652	23	38.7	-10	34
2632z	2652			23	37.9	-10	4
2636	2646z			23	37.5	-10	3
2644z	2656z			23	40.4	-2	17
2634z	2666z			23	42.1	26	49
4038z	4049z			23	47	-28	32
2675z	2678z			23	53.2	11	17
2686z	4055	4061	4069	23	55.4	-22	0
4055	4069			23	55.1	-21	34
4064	4067z			23	56.2	-60	36
4056	4068z	4074		23	56.3	-37	60
4056	4074			23	55.8	-37	7
2717z	4059z			23	57.4	-35	35
2716z	2726	4053z		23	59.1	-27	56
2726	4053z			23	58.5	-28	10
267	268	271	295	1	53.1	0	6
921	942			10	6.3	7	10
