[13.1, '1.80E+01', 0.0978, 0.0, 0.7833333333333333]
[0.9, '3.90E+04', 0.1144, 0.775, 15.683333333333334]
[1.9, '1.40E+01', 0.0838, 1.875, 3.55]
[6.0, '2.10E+01', 0.114, 2.05, -35.86666666666667]
[1.3, '3.20E+02', 0.114, 1.375, -34.516666666666666]
[6.8, '2.20E+01', 0.064, 2.675, -25.35]
[11.5, '7.00E+01', 0.1124, 3.9500000000000006, -52.55]
[12.5, '9.50E+01', 0.0271, 5.7, -55.15]
[5.6, '2.10E+01', 0.0641, 5.725, -50.416666666666664]
[1.6, '2.00E+04', 0.0719, 9.125, 29.283333333333335]
[36.1, '1.40E+01', 0.105, 9.175, 18.833333333333332]
[22.9, '2.30E+01', 0.0927, 8.0, 17.0]
[7.9, '5.00E+02', 0.105, 10.375, 20.666666666666668]
[23.2, '1.50E+01', 0.1086, 9.875, -27.7]
[22.8, '2.00E+01', 0.0566, 10.95, -21.616666666666667]
[10.2, '1.10E+02', 0.061, 9.35, -22.25]
[6.8, '8.80E+01', 0.0486, 13.125, -20.116666666666667]
[7.4, '2.60E+02', 0.061, 9.55, -21.666666666666668]
[1.8, '2.00E+03', 0.0486, 12.15, -20.216666666666665]
[19.8, '1.50E+01', 0.0699, 13.325, 0.43333333333333335]
[10.2, '1.30E+02', 0.0665, 12.425, 0.7333333333333333]
[8.9, '1.80E+01', 0.0526, 13.525, -11.466666666666667]
[4.3, '1.50E+02', 0.0535, 11.575, -8.033333333333333]
[4.3, '3.10E+02', 0.0526, 15.450000000000001, -14.916666666666666]
[31.0, '2.50E+01', 0.1971, 14.2, 26.416666666666668]
[8.0, '2.60E+01', 0.0667, 15.325000000000001, -48.4]
[3.1, '1.30E+02', 0.0452, 16.0, 0.11666666666666667]
[3.1, '7.70E+02', 0.0452, 17.275, 0.9333333333333333]
[13.0, '4.90E+01', 0.0241, 16.25, -43.53333333333333]
[1.5, '3.40E+04', 0.0241, 16.625, -45.333333333333336]
[19.3, '1.40E+01', 0.188, 16.375, 13.416666666666666]
[28.7, '2.10E+01', 0.1569, 16.6, 25.0]
[32.4, '1.20E+01', 0.0706, 17.4, 15.733333333333333]
[17.3, '2.90E+01', 0.0645, 17.0, 15.633333333333333]
[9.0, '3.80E+02', 0.0645, 17.175, 17.0]
[12.4, '3.70E+01', 0.1156, 17.575, -14.383333333333333]
[18.7, '1.20E+01', 0.0422, 19.75, 14.216666666666667]
[9.2, '1.00E+02', 0.0422, 19.3, 17.083333333333332]
[4.4, '1.60E+03', 0.1015, 20.175, -9.6]
[14.3, '9.00E+01', 0.1287, 20.275, 14.783333333333333]
[19.3, '1.60E+01', 0.1617, 22.725, -6.866666666666666]
[40.3, '1.50E+01', 0.207, 23.724999999999998, -12.333333333333334]
[16.3, '1.10E+02', 0.207, 23.325, -12.616666666666667]
[13.1, '6.10E+02', 0.207, 23.8, -12.85]
[12.9, '1.90E+01', 0.1117, 24.025, -7.5]
[10.1, '1.00E+02', 0.1126, 23.525, -6.5]
[26.3, '1.80E+01', 0.1874, 24.15, -10.75]
[0.0, '1.60E+02', 0.1874, 24.45, -10.633333333333333]
[39.3, '1.60E+01', 0.1731, 24.75, 18.916666666666668]
[6.4, '7.10E+02', 0.1731, 24.95, 18.45]
[5.1, '1.40E+01', 0.1273, 25.075, -10.966666666666667]
[2.2, '1.50E+04', 0.1289, 24.15, -9.583333333333334]
[25.3, '2.10E+01', 0.07, 25.174999999999997, 6.466666666666667]
[2.2, '2.30E+01', 0.0797, 26.900000000000002, 3.4833333333333334]
[9.2, '2.80E+01', 0.1289, 27.150000000000002, -4.683333333333334]
[15.2, '2.00E+01', 0.0706, 28.025000000000002, 17.683333333333334]
[21.6, '2.40E+01', 0.088, 28.175, -5.95]
[0.9, '8.00E+01', 0.0947, 27.925, -5.983333333333333]
[6.9, '7.30E+02', 0.0896, 28.35, 32.833333333333336]
[8.5, '4.70E+01', 0.1631, 30.799999999999997, 4.083333333333333]
[7.7, '1.30E+02', 0.0631, 34.025000000000006, -47.86666666666667]
[8.2, '1.00E+02', 0.0183, 37.325, 39.63333333333333]
[3.3, '3.70E+02', 0.0183, 42.25, 41.483333333333334]
[5.8, '6.20E+02', 0.047, 42.65, 36.15]
[9.5, '1.20E+02', 0.116, 42.925000000000004, -24.983333333333334]
[26.4, '1.20E+01', 0.0232, 43.650000000000006, 10.783333333333333]
[5.3, '4.30E+03', 0.0748, 43.925, 13.1]
[42.6, '1.30E+01', 0.0897, 44.724999999999994, 3.45]
[2.8, '1.50E+03', 0.0797, 46.65, -11.733333333333333]
[9.9, '3.70E+01', 0.0406, 47.150000000000006, -25.9]
[14.5, '1.70E+01', 0.0673, 48.125, -45.15]
[0.6, '2.60E+01', 0.0673, 48.4, -45.38333333333333]
[0.0, '1.00E+05', 0.0632, 48.224999999999994, -46.1]
[4.6, '2.30E+02', 0.0703, 49.025000000000006, -44.833333333333336]
[14.2, '3.10E+01', 0.065, 50.224999999999994, -50.15]
[3.8, '8.00E+01', 0.0755, 50.625, -50.85]
[9.2, '1.80E+01', 0.0611, 53.825, -53.65]
[4.0, '1.50E+02', 0.059, 53.05, -52.6]
[1.2, '2.40E+03', 0.0554, 51.85, -52.8]
[18.4, '5.90E+01', 0.1203, 55.675000000000004, -72.93333333333334]
[26.9, '1.20E+01', 0.0388, 57.65, -52.18333333333333]
[10.7, '8.10E+01', 0.0388, 56.85, -53.516666666666666]
[8.4, '4.30E+01', 0.09, 59.85, 8.266666666666667]
[13.9, '2.60E+01', 0.0594, 64.2, -61.983333333333334]
[7.4, '5.40E+01', 0.0594, 65.22500000000001, -62.85]
[5.6, '7.10E+01', 0.0794, 65.925, 74.33333333333333]
[20.4, '1.60E+01', 0.032, 69.22500000000001, -9.85]
[16.8, '3.60E+01', 0.032, 65.65, -9.416666666666666]
[49.3, '1.30E+01', 0.1407, 70.17500000000001, -8.9]
[22.4, '8.00E+01', 0.1491, 70.825, -8.183333333333334]
[21.7, '1.30E+01', 0.0731, 70.275, -20.633333333333333]
[17.3, '2.30E+02', 0.1804, 72.6, -9.433333333333334]
[5.1, '4.80E+01', 0.0472, 76.1, -24.133333333333333]
[13.3, '4.50E+01', 0.0903, 76.85, -48.71666666666667]
[3.4, '3.60E+03', 0.041, 86.525, -24.933333333333334]
[2.4, '7.30E+03', 0.0498, 96.44999999999999, -54.0]
[6.8, '8.60E+02', 0.0779, 101.225, 69.81666666666666]
[19.4, '3.00E+01', 0.0267, 114.47500000000001, 53.45]
[24.6, '1.60E+01', 0.138, 120.8, 68.36666666666666]
[7.7, '2.10E+02', 0.138, 121.79999999999998, 67.13333333333334]
[28.1, '1.30E+01', 0.1245, 122.99999999999999, 47.71666666666667]
[18.4, '7.80E+01', 0.1245, 125.04999999999998, 47.28333333333333]
[27.8, '5.20E+01', 0.1938, 125.04999999999998, 56.46666666666667]
[34.0, '2.60E+01', 0.0788, 129.64999999999998, 27.966666666666665]
[9.6, '1.70E+02', 0.0694, 131.7, 31.883333333333333]
[12.6, '3.60E+01', 0.162, 135.45, 10.633333333333333]
[12.6, '2.00E+02', 0.162, 136.29999999999998, 10.85]
[24.3, '1.50E+01', 0.1236, 137.05, 55.5]
[7.3, '1.60E+01', 0.1352, 137.725, 73.73333333333333]
[7.3, '5.40E+01', 0.1352, 139.775, 73.93333333333334]
[6.7, '3.70E+02', 0.1352, 139.425, 74.4]
[0.9, '5.80E+03', 0.1332, 138.67499999999998, 74.26666666666667]
[4.6, '3.50E+02', 0.0522, 137.8, -9.25]
[9.4, '2.30E+01', 0.1357, 142.0, 16.033333333333335]
[12.7, '2.00E+01', 0.1241, 143.375, 75.46666666666667]
[8.2, '1.60E+02', 0.1241, 143.375, 74.78333333333333]
[13.0, '1.30E+02', 0.153, 145.25, -7.266666666666667]
[23.6, '2.00E+01', 0.1408, 146.2, 8.783333333333333]
[22.7, '2.40E+01', 0.182, 148.25, 71.55]
[10.0, '3.10E+02', 0.182, 147.15, 71.65]
[13.3, '2.80E+01', 0.1675, 149.9, 19.8]
[4.8, '2.20E+02', 0.1675, 150.625, 20.283333333333335]
[3.7, '6.60E+02', 0.044, 151.25, 0.25]
[7.4, '9.70E+01', 0.1427, 153.2, 34.11666666666667]
[7.4, '3.00E+02', 0.1427, 152.55, 34.416666666666664]
[27.1, '1.30E+01', 0.055, 154.675, -6.866666666666666]
[18.8, '3.10E+01', 0.055, 153.75, -5.1]
[7.1, '1.80E+02', 0.0533, 153.725, -6.0]
[7.1, '3.80E+02', 0.0533, 154.6, -5.8]
[1.8, '3.50E+03', 0.0533, 154.675, -4.516666666666667]
[29.3, '5.30E+01', 0.0917, 155.0, 68.36666666666666]
[10.7, '2.40E+02', 0.0917, 153.65, 68.93333333333334]
[0.9, '8.40E+03', 0.0321, 155.625, 12.166666666666666]
[2.6, '4.00E+02', 0.139, 159.25, 37.166666666666664]
[16.1, '3.20E+01', 0.2004, 160.325, 28.15]
[16.1, '2.60E+02', 0.2004, 161.275, 28.05]
[11.6, '2.20E+01', 0.1363, 161.125, 57.3]
[4.9, '2.80E+01', 0.0468, 165.0, 26.016666666666666]
[20.0, '5.30E+01', 0.141, 165.22500000000002, -21.85]
[17.4, '1.60E+01', 0.0794, 166.64999999999998, 38.81666666666667]
[0.9, '3.20E+03', 0.0794, 167.225, 40.483333333333334]
[13.0, '1.40E+01', 0.0716, 167.14999999999998, 4.166666666666667]
[10.9, '4.70E+01', 0.0716, 168.15, 2.3]
[8.8, '1.90E+01', 0.1042, 168.425, 22.066666666666666]
[3.4, '3.40E+01', 0.1663, 168.54999999999998, 21.733333333333334]
[6.2, '1.90E+01', 0.0603, 169.075, 40.583333333333336]
[15.5, '4.00E+01', 0.0339, 169.125, 29.666666666666668]
[5.2, '1.80E+02', 0.0321, 168.35, 26.016666666666666]
[7.3, '9.10E+02', 0.0339, 170.275, 35.11666666666667]
[5.2, '5.80E+02', 0.0321, 169.17499999999998, 28.05]
[24.9, '3.00E+01', 0.1676, 169.275, 17.7]
[5.6, '6.70E+02', 0.1676, 170.20000000000002, 17.983333333333334]
[26.3, '1.60E+01', 0.1235, 170.15, 75.43333333333334]
[14.6, '3.40E+01', 0.1235, 168.575, 75.4]
[6.0, '1.00E+02', 0.1235, 164.45, 74.88333333333334]
[7.3, '1.90E+01', 0.129, 171.525, 19.1]
[21.2, '3.60E+01', 0.0555, 171.825, -2.0166666666666666]
[14.8, '1.50E+01', 0.112, 172.475, 47.46666666666667]
[16.3, '1.80E+02', 0.2131, 172.525, 36.416666666666664]
[11.5, '4.50E+01', 0.0628, 172.79999999999998, 72.35]
[1.3, '8.20E+01', 0.1104, 172.875, 62.266666666666666]
[16.8, '3.60E+01', 0.0839, 172.92499999999998, 74.7]
[37.4, '1.20E+01', 0.1783, 173.525, 61.31666666666667]
[25.5, '5.20E+01', 0.1783, 175.14999999999998, 61.75]
[23.9, '2.50E+01', 0.1126, 174.85, 10.95]
[14.2, '1.10E+02', 0.1095, 174.55, 10.666666666666666]
[3.5, '5.90E+03', 0.1061, 174.5, 10.5]
[1.0, '3.50E+02', 0.097, 174.95000000000002, 6.866666666666667]
[2.5, '2.50E+01', 0.0831, 174.975, 12.4]
[1.6, '1.00E+02', 0.0831, 175.775, 11.6]
[0.3, '7.70E+03', 0.0831, 176.54999999999998, 12.183333333333334]
[3.4, '5.30E+01', 0.0698, 175.35, 13.266666666666667]
[19.6, '1.00E+01', 0.0844, 175.65, 53.03333333333333]
[4.4, '2.40E+01', 0.0778, 173.1, 53.68333333333333]
[15.4, '4.30E+01', 0.107, 176.32500000000002, -0.5]
[7.7, '1.60E+02', 0.1382, 176.725, -1.0]
[24.8, '1.60E+01', 0.1427, 177.04999999999998, 23.05]
[6.3, '7.80E+01', 0.1427, 177.275, 23.233333333333334]
[17.0, '1.30E+01', 0.1314, 177.3, -0.8]
[40.0, '1.60E+01', 0.0603, 177.32500000000002, 55.9]
[16.3, '8.90E+01', 0.0514, 173.925, 55.85]
[9.9, '1.10E+02', 0.0631, 178.70000000000002, 54.483333333333334]
[4.9, '9.30E+02', 0.0514, 174.2, 56.166666666666664]
[4.4, '2.50E+02', 0.1053, 178.575, 72.3]
[8.5, '6.30E+01', 0.1028, 178.65, 59.5]
[9.3, '3.10E+01', 0.0763, 178.725, 32.083333333333336]
[10.2, '4.00E+01', 0.1429, 181.10000000000002, 29.916666666666668]
[10.2, '1.20E+02', 0.1429, 182.525, 30.183333333333334]
[4.3, '2.30E+02', 0.1669, 183.54999999999998, 27.066666666666666]
[11.9, '5.40E+01', 0.1369, 183.7, 7.25]
[7.6, '1.30E+02', 0.1369, 184.75, 7.266666666666667]
[5.2, '3.10E+01', 0.0232, 184.9, 24.183333333333334]
[20.2, '1.60E+01', 0.0784, 185.375, 14.533333333333333]
[2.8, '1.10E+02', 0.0791, 183.125, 14.616666666666667]
[14.2, '1.20E+01', 0.1055, 190.17499999999998, 69.33333333333333]
[1.9, '6.80E+01', 0.1055, 191.575, 67.58333333333333]
[2.0, '7.50E+02', 0.1962, 192.175, 28.95]
[20.2, '1.30E+01', 0.0109, 190.95000000000002, -31.15]
[20.2, '4.50E+01', 0.0141, 199.02499999999998, -33.766666666666666]
[3.6, '3.50E+02', 0.0141, 200.575, -30.9]
[5.4, '4.50E+02', 0.0109, 197.475, -36.63333333333333]
[2.5, '1.40E+03', 0.0449, 193.1, -15.866666666666667]
[0.3, '3.80E+02', 0.0825, 194.125, -1.2833333333333332]
[16.4, '2.40E+01', 0.1699, 195.375, 31.166666666666668]
[16.4, '1.20E+02', 0.1699, 195.625, 32.06666666666667]
[16.2, '1.20E+01', 0.1832, 195.725, 33.266666666666666]
[13.6, '1.40E+02', 0.184, 195.65, 34.31666666666667]
[7.9, '2.10E+01', 0.1981, 195.725, 44.86666666666667]
[0.1, '1.70E+01', 0.1829, 197.625, 48.18333333333333]
[4.6, '3.70E+01', 0.197, 198.15, 34.6]
[59.6, '1.20E+01', 0.0553, 201.775, -30.7]
[33.1, '2.80E+01', 0.035, 203.05, -30.216666666666665]
[14.4, '6.50E+01', 0.035, 201.475, -30.1]
[7.9, '1.30E+02', 0.0372, 206.47500000000002, -33.983333333333334]
[2.8, '2.10E+03', 0.0553, 193.25, -28.35]
[13.5, '1.20E+02', 0.0471, 201.825, -30.1]
[8.3, '3.30E+02', 0.0499, 202.22500000000002, -31.116666666666667]
[8.3, '7.30E+02', 0.0499, 201.625, -30.25]
[0.9, '1.50E+03', 0.0471, 201.39999999999998, -27.933333333333334]
[6.6, '7.00E+01', 0.1146, 202.0, 59.016666666666666]
[10.0, '7.60E+02', 0.1711, 202.9, 20.5]
[19.8, '1.80E+01', 0.1691, 203.4, 41.25]
[19.8, '5.70E+01', 0.1691, 204.60000000000002, 40.9]
[4.9, '1.30E+02', 0.0766, 204.45000000000002, 57.666666666666664]
[4.4, '8.70E+01', 0.0788, 206.04999999999998, 3.6833333333333336]
[3.1, '4.60E+03', 0.1773, 205.2, 2.8166666666666664]
[8.6, '1.20E+02', 0.0616, 206.1, 28.466666666666665]
[30.3, '1.50E+01', 0.0849, 207.175, 34.15]
[14.8, '6.40E+01', 0.0668, 208.95, 20.5]
[3.7, '5.90E+02', 0.0618, 208.95, 19.766666666666666]
[15.5, '1.30E+01', 0.0776, 209.575, 27.4]
[9.0, '6.60E+01', 0.0733, 207.0, 27.733333333333334]
[1.6, '6.00E+02', 0.0733, 208.025, 28.283333333333335]
[11.8, '7.10E+01', 0.1415, 213.925, 62.78333333333333]
[4.5, '6.70E+01', 0.1196, 214.02499999999998, -19.35]
[1.9, '8.30E+01', 0.1712, 215.375, 37.15]
[10.8, '2.30E+01', 0.1352, 216.39999999999998, 24.95]
[24.2, '2.50E+01', 0.1396, 217.85, 56.233333333333334]
[0.3, '3.70E+04', 0.1396, 218.35, 55.2]
[18.2, '1.10E+01', 0.0586, 217.975, 17.9]
[2.8, '2.10E+03', 0.0533, 215.42499999999998, 17.416666666666668]
[7.8, '2.70E+02', 0.0883, 217.975, 25.466666666666665]
[42.4, '2.00E+01', 0.232, 219.35, 30.75]
[36.2, '5.70E+01', 0.232, 220.525, 31.433333333333334]
[1.3, '2.60E+04', 0.2195, 217.6, 29.716666666666665]
[16.5, '4.30E+02', 0.232, 220.425, 31.3]
[21.2, '3.20E+01', 0.181, 220.75, 28.183333333333334]
[15.1, '4.30E+01', 0.1032, 220.875, 55.43333333333333]
[0.0, '1.20E+06', 0.1032, 223.20000000000002, 54.6]
[13.8, '1.20E+02', 0.1687, 222.45, 32.016666666666666]
[11.7, '2.90E+01', 0.1182, 222.625, 21.866666666666667]
[9.5, '5.50E+01', 0.116, 222.85000000000002, 21.4]
[9.5, '1.80E+02', 0.116, 222.475, 21.783333333333335]
[7.0, '3.40E+02', 0.116, 222.525, 21.433333333333334]
[2.8, '2.30E+03', 0.116, 222.4, 21.083333333333332]
[12.1, '1.60E+02', 0.1257, 223.20000000000002, 28.15]
[4.8, '4.80E+02', 0.1257, 223.525, 28.15]
[9.2, '1.10E+02', 0.0564, 223.89999999999998, 29.783333333333335]
[19.4, '8.30E+01', 0.181, 224.4, 23.216666666666665]
[6.5, '1.50E+03', 0.181, 224.75, 23.35]
[15.9, '1.10E+02', 0.0767, 227.05, 6.733333333333333]
[3.4, '8.90E+02', 0.0767, 226.925, 6.833333333333333]
[14.8, '6.70E+01', 0.053, 227.2, 7.266666666666667]
[9.7, '5.00E+01', 0.0763, 227.225, 27.916666666666668]
[21.9, '2.50E+01', 0.0945, 227.35, 2.25]
[21.9, '5.50E+01', 0.1127, 228.1, 0.03333333333333333]
[4.2, '9.40E+02', 0.1183, 227.8, 0.2]
[0.6, '5.40E+03', 0.0337, 229.35, 8.0]
[13.9, '4.50E+01', 0.1143, 230.725, 31.083333333333332]
[2.2, '5.40E+02', 0.1143, 231.15, 30.5]
[37.8, '1.60E+01', 0.0662, 231.20000000000002, 29.733333333333334]
[18.0, '5.30E+01', 0.0743, 230.725, 29.5]
[4.3, '3.30E+02', 0.0669, 232.15, 30.183333333333334]
[4.3, '3.50E+02', 0.0743, 231.39999999999998, 28.05]
[6.8, '9.30E+02', 0.0732, 230.04999999999998, 30.966666666666665]
[2.9, '3.70E+03', 0.1533, 233.375, 37.516666666666666]
[20.8, '3.50E+01', 0.0371, 239.25, 19.616666666666667]
[8.9, '5.50E+01', 0.0374, 240.45000000000002, 19.033333333333335]
[5.2, '1.80E+03', 0.0374, 240.50000000000003, 16.833333333333332]
[24.4, '1.20E+01', 0.0928, 242.825, 27.383333333333333]
[17.3, '5.50E+01', 0.0769, 243.0, 25.5]
[19.7, '3.30E+01', 0.055, 243.7, 51.28333333333333]
[7.4, '7.00E+02', 0.055, 244.04999999999998, 49.78333333333333]
[17.5, '2.90E+01', 0.1365, 244.925, 42.28333333333333]
[8.6, '3.80E+02', 0.1365, 244.47499999999997, 42.63333333333333]
[7.3, '3.10E+02', 0.1355, 247.25, 41.31666666666667]
[1.6, '1.60E+04', 0.1365, 244.8, 42.68333333333333]
[5.8, '4.90E+01', 0.0303, 245.32500000000002, 36.766666666666666]
[0.6, '4.70E+04', 0.0303, 246.65000000000003, 40.31666666666667]
[13.9, '3.50E+01', 0.1868, 247.52499999999998, 42.95]
[13.9, '4.50E+01', 0.1868, 246.325, 42.85]
[5.4, '5.10E+02', 0.1868, 246.575, 43.35]
[16.2, '2.50E+01', 0.1504, 247.72500000000002, 13.983333333333333]
[18.6, '4.60E+02', 0.1465, 247.82500000000002, 5.65]
[4.2, '2.30E+01', 0.1597, 248.85, 39.68333333333333]
[32.1, '1.10E+01', 0.171, 249.00000000000003, 66.18333333333334]
[7.3, '8.40E+01', 0.171, 248.45, 66.35]
[1.2, '9.90E+02', 0.171, 249.25, 66.75]
[26.6, '1.30E+01', 0.1106, 249.92499999999998, 55.21666666666667]
[25.8, '2.50E+01', 0.1106, 251.87500000000003, 54.18333333333333]
[11.7, '2.60E+01', 0.1511, 253.02499999999998, 41.68333333333333]
[8.4, '3.70E+01', 0.0654, 255.875, 36.18333333333333]
[25.6, '1.80E+01', 0.0809, 256.85, 35.61666666666667]
[12.8, '1.90E+02', 0.0809, 256.1, 34.06666666666667]
[0.9, '3.30E+01', 0.1051, 259.65, 29.816666666666666]
[29.3, '3.00E+01', 0.0568, 260.17499999999995, 77.91666666666667]
[15.1, '1.50E+02', 0.0568, 261.925, 78.18333333333334]
[6.5, '1.90E+03', 0.0568, 258.29999999999995, 78.43333333333334]
[34.0, '3.20E+01', 0.1671, 260.425, 32.18333333333333]
[32.5, '1.40E+01', 0.0874, 279.97499999999997, 70.81666666666666]
[32.5, '7.30E+01', 0.0874, 279.77500000000003, 69.68333333333334]
[5.3, '3.80E+03', 0.0874, 274.375, 69.26666666666667]
[17.8, '2.40E+01', 0.053, 299.575, -55.916666666666664]
[15.8, '2.50E+01', 0.0708, 308.125, -61.65]
[10.6, '5.50E+01', 0.0165, 308.275, -36.5]
[4.5, '5.20E+02', 0.02, 304.525, -37.416666666666664]
[11.1, '1.40E+01', 0.1138, 314.15000000000003, -21.933333333333334]
[9.8, '6.30E+01', 0.1138, 313.95, -22.616666666666667]
[2.1, '1.60E+01', 0.0306, 316.2, -33.31666666666667]
[14.3, '2.40E+01', 0.1128, 320.975, -21.733333333333334]
[4.3, '4.00E+01', 0.0557, 322.65000000000003, -63.35]
[19.0, '1.40E+01', 0.0796, 323.09999999999997, -49.35]
[16.6, '2.00E+01', 0.0775, 323.22499999999997, -50.46666666666667]
[1.9, '3.00E+02', 0.0775, 322.55, -52.95]
[2.4, '2.70E+02', 0.0796, 321.22499999999997, -49.75]
[34.6, '1.20E+01', 0.1161, 323.15, 0.26666666666666666]
[22.2, '1.90E+01', 0.0648, 326.125, -16.9]
[12.0, '5.30E+01', 0.0648, 325.3, -13.016666666666667]
[5.0, '2.20E+01', 0.0754, 327.79999999999995, -57.85]
[4.0, '1.30E+02', 0.0754, 327.52500000000003, -56.666666666666664]
[4.0, '4.20E+02', 0.076, 326.70000000000005, -56.2]
[7.1, '3.90E+01', 0.065, 328.0, -44.9]
[14.8, '3.10E+01', 0.0597, 328.15, -5.016666666666667]
[2.5, '4.00E+02', 0.0597, 329.7, -5.066666666666666]
[17.3, '2.20E+01', 0.2384, 328.52500000000003, -19.816666666666666]
[23.4, '1.70E+01', 0.0806, 329.8, -9.316666666666666]
[2.2, '5.40E+01', 0.0806, 328.225, -9.85]
[2.5, '8.80E+01', 0.0838, 332.65, -10.983333333333333]
[5.8, '2.00E+01', 0.0352, 330.625, -55.266666666666666]
[9.8, '1.10E+01', 0.0993, 331.85, -57.233333333333334]
[13.8, '2.60E+01', 0.0678, 333.075, -49.45]
[10.8, '6.40E+01', 0.0678, 332.35, -50.06666666666667]
[0.3, '3.30E+04', 0.0529, 333.8, -51.21666666666667]
[5.8, '2.80E+01', 0.168, 335.77500000000003, -35.03333333333333]
[9.4, '3.30E+01', 0.075, 336.4, -55.766666666666666]
[5.3, '2.60E+01', 0.0698, 339.85, -16.3]
[14.8, '2.40E+01', 0.1233, 341.075, -16.666666666666668]
[2.6, '4.60E+01', 0.1359, 344.7, -22.666666666666668]
[5.9, '8.70E+01', 0.0955, 344.875, -19.05]
[4.9, '2.60E+01', 0.1735, 345.675, -21.616666666666667]
[1.9, '4.50E+03', 0.1735, 346.3, -20.15]
[10.3, '7.00E+01', 0.1603, 346.1, -23.466666666666665]
[1.6, '3.80E+04', 0.1971, 346.25, -21.183333333333334]
[13.7, '3.30E+01', 0.0821, 346.95, -19.283333333333335]
[4.0, '8.50E+01', 0.0821, 346.75, -19.666666666666668]
[1.5, '1.50E+03', 0.0817, 345.95, -19.833333333333332]
[5.7, '7.70E+01', 0.106, 347.20000000000005, -20.2]
[2.5, '5.30E+02', 0.106, 347.3, -20.783333333333335]
[25.4, '1.40E+01', 0.1271, 347.975, -21.95]
[3.7, '1.10E+02', 0.1271, 348.975, -20.116666666666667]
[4.1, '3.20E+02', 0.1398, 348.05, -21.516666666666666]
[19.3, '2.00E+01', 0.0433, 351.17499999999995, 15.233333333333333]
[18.4, '4.50E+01', 0.0433, 350.07500000000005, 16.816666666666666]
[4.0, '4.70E+02', 0.0433, 349.95, 16.466666666666665]
[8.4, '3.40E+01', 0.0825, 352.575, -11.816666666666666]
[15.6, '2.10E+02', 0.1784, 352.90000000000003, 5.333333333333333]
[14.8, '2.00E+01', 0.0573, 353.34999999999997, 22.783333333333335]
[11.1, '2.50E+02', 0.0573, 353.475, 20.583333333333332]
[3.1, '9.10E+02', 0.0705, 353.5, 21.966666666666665]
[37.5, '2.10E+01', 0.193, 354.675, -9.433333333333334]
[9.9, '1.20E+02', 0.186, 354.475, -9.933333333333334]
[4.9, '1.30E+03', 0.193, 354.375, -9.95]
[11.9, '2.10E+02', 0.0265, 355.52500000000003, 26.816666666666666]
[1.2, '4.40E+04', 0.0283, 356.75, -27.466666666666665]
[1.9, '3.70E+04', 0.0726, 358.3, 11.283333333333333]
[16.8, '2.30E+01', 0.1124, 358.84999999999997, -22.0]
[1.5, '1.20E+03', 0.0456, 359.35, -34.416666666666664]