2691	2700z			0	0	0	47	13.1	1.80E+01
2703z	2705z			0	3.1	15	41	0.9	3.90E+04
2720	2725	2739z		0	5.9	-18	26	5.7	1.80E+02
2720	2725			0	3.7	-18	9	5.1	8.00E+02
16z	2696z			0	7.5	3	33	1.9	1.40E+01
2721z	2730z	2750		0	8.2	-36	8	6	2.10E+01
2721z	2730z			0	5.5	-35	29	1.3	3.20E+02
14z	2734z			0	10.7	-26	39	6.8	2.20E+01
2754	2762z			0	15.8	-53	27	11.5	7.00E+01
2736z	2773			0	16.1	-43	7	11.3	1.80E+01
2758z	2769			0	18.8	-40	59	5.7	4.30E+01
2731z	2806z			0	22.8	-56	51	12.5	9.50E+01
2764z	2782			0	22.9	-51	35	5.6	2.10E+01
62	67z	69		0	34	19	4	6.4	2.30E+02
67z	69			0	34.7	18	31	6.4	9.20E+02
71z	77z			0	36.5	29	17	1.6	2.00E+04
40z	79z	84z	98z	0	36.7	18	50	36.1	1.40E+01
40z	79z			0	32	16	60	22.9	2.30E+01
84z	98z			0	41.5	20	40	7.9	5.00E+02
2797	2819z			0	39.2	-63	24	8.6	8.20E+01
88z	2788	2804	2811	0	39.5	-28	18	23.2	1.50E+01
2814	2829z								
2788	2804	2811	2814	0	36.9	-28	40	14.2	2.30E+01
2804	2814			0	39	-29	2	0	1.10E+03
74z	80z	86z	114z	0	43.8	-22	23	22.8	2.00E+01
133z	2800z	2816	2824z						
74z	80z	86z	2800z	0	37.4	-23	45	10.2	1.10E+02
114z	133z	2824z		0	52.5	-21	53	6.8	8.80E+01
80z	2800z			0	36.7	-25	10	8.3	2.00E+02
74z	86z			0	38.2	-22	20	7.4	2.60E+02
114z	2824z			0	48.6	-21	47	1.8	2.00E+03
102z	116z	134z		0	53.3	0	26	19.8	1.50E+01
102z	116z			0	49.7	0	44	10.2	1.30E+02
118z	122z			0	54.1	-26	37	2.5	3.30E+03
85z	117z	126z	151z	0	54.1	-12	32	8.9	1.80E+01
85z	117z			0	46.3	-9	58	4.3	1.50E+02
126z	151z			1	1.8	-15	5	4.3	3.10E+02
2843	2850z			0	55.5	-28	33	3.8	1.20E+02
115z	132			0	56.8	26	25	31	2.50E+01
2841z	2854z	2889z		1	1.3	-49	36	8	2.60E+01
2841z	2854z			0	55.7	-50	0	2.5	2.70E+02
2859z	2864			1	1.6	-67	31	6.3	3.30E+02
119z	147z	168z		1	4	0	7	3.1	1.30E+02
147z	168z			1	9.1	0	56	3.1	7.70E+02
2860z	2870z	2877z		1	5	-44	28	13	4.90E+01
2870z	2877z			1	6.5	-46	40	1.5	3.40E+04
125z	170			1	5.5	13	25	19.3	1.40E+01
136z	137	143	163	1	6.4	24	60	28.7	2.10E+01
167									
137	143	163	167	1	7.6	25	2	1.8	1.10E+02
137	143			1	2.9	25	44	1.7	3.40E+03
163	167			1	12.4	24	20	0.8	3.80E+04
150z	154z	158z	171z	1	9.6	15	44	32.4	1.20E+01
150z	154z	158z		1	8	15	38	17.3	2.90E+01
154z	158z			1	8.7	17	0	9	3.80E+02
157	166z			1	10.3	-15	37	12.4	3.70E+01
161z	174z			1	14.5	36	21	0	1.60E+03
183z	2894	2902		1	18	-21	55	11.5	4.00E+01
183z	2894			1	17.3	-22	32	8	1.20E+02
160z	193z	195z		1	19	14	13	18.7	1.20E+01
160z	195z			1	17.2	17	5	9.2	1.00E+02
172	192z	203		1	20.6	2	57	21.1	1.40E+01
172	192z			1	18	3	36	6.4	1.00E+02
186z	190z			1	20.7	-10	24	4.4	1.60E+03
175z	200			1	21.1	14	47	14.3	9.00E+01
204z	224z			1	30.9	-7	8	19.3	1.60E+01
201z	247			1	33.9	16	50	28.4	1.50E+01
209z	222z	223z	242	1	34.9	-13	40	40.3	1.50E+01
209z	222z	223z		1	33.3	-13	23	16.3	1.10E+02
222z	223z			1	35.2	-13	9	13.1	6.10E+02
216z	217z	243z		1	36.1	-8	30	12.9	1.90E+01
216z	217z			1	34.1	-7	30	10.1	1.00E+02
218	232z	236z		1	36.6	-11	15	26.3	1.80E+01
232z	236z			1	37.8	-11	22	0	1.60E+02
213	221	227	234z	1	39	18	55	39.3	1.60E+01
244	249	250							
213	221	227	249	1	38.7	19	5	1.8	3.80E+01
250									
234z	244			1	39.8	18	27	6.4	7.10E+02
221	227			1	36.2	17	54	0.4	1.30E+04
249	250			1	44.1	19	38	0.7	1.60E+04
226z	228z	259z		1	40.3	-11	2	5.1	1.40E+01
226z	228z			1	36.6	-10	25	2.2	1.50E+04
240z	246z			1	40.7	6	28	25.3	2.10E+01
245z	279z			1	47.6	3	29	2.2	2.30E+01
256	274z			1	48.6	-5	19	9.2	2.80E+01
225z	257z	292z	311z	1	52.1	17	41	15.2	2.00E+01
292z	311z			2	3	19	10	0.9	1.90E+03
292z	311z			2	3	19	10	0.9	1.90E+03
266z	277z	281z		1	52.7	-6	3	21.6	2.40E+01
266z	277z			1	51.7	-6	1	0.9	8.00E+01
272z	278z			1	53.4	32	50	6.9	7.30E+02
293z	312			2	3.2	4	5	8.5	4.70E+01
316	332z			2	10.3	-13	47	27.2	1.90E+01
2988z	3004z	3009z		2	16.1	-48	8	7.7	1.30E+02
262z	347z	426z		2	29.3	39	38	8.2	1.00E+02
347z	426z			2	49	41	29	3.3	3.70E+02
376z	407z			2	50.6	36	9	5.8	6.20E+02
389z	3070z			2	51.7	-25	1	9.5	1.20E+02
397z	400z			2	54.6	10	47	26.4	1.20E+01
399z	401z			2	55.7	13	6	5.3	4.30E+03
403z	410z			2	58.9	3	27	42.6	1.30E+01
415z	423z			3	6.6	-12	16	2.8	1.50E+03
419z	3094z	3095z		3	8.6	-26	6	9.9	3.70E+01
3094z	3095z			3	9.8	-27	13	9.9	1.10E+02
3093z	3100z	3108z	3109z	3	12.5	-46	51	14.5	1.70E+01
3100z	3108z	3109z		3	13.6	-46	37	0.6	2.60E+01
3100z	3108z			3	12.9	-47	54	0	1.00E+05
3111	3112z			3	16.1	-45	10	4.6	2.30E+02
3120z	3123z			3	20.9	-51	51	14.2	3.10E+01
3104	3133z			3	21.8	-45	51	2.2	1.20E+02
3110z	3131			3	22.5	-51	9	3.8	8.00E+01
3125z	3128z	3158z	3164z	3	35.3	-54	21	9.2	1.80E+01
3125z	3128z	3158z		3	32.2	-53	24	4	1.50E+02
3125z	3128z			3	27.4	-53	12	1.2	2.40E+03
3136z	3186z			3	42.7	-73	4	18.4	5.90E+01
3144z	3193z	3202z		3	50.6	-53	49	26.9	1.20E+01
3144z	3202z			3	47.4	-54	29	10.7	8.10E+01
3163	3229z			3	57.4	-57	15	2.4	2.40E+02
465z	478z			3	59.4	8	16	8.4	4.30E+01
3225z	3231z	3266z		4	16.8	-62	1	13.9	2.60E+01
3231z	3266z			4	20.9	-63	9	7.4	5.40E+01
449z	527z			4	23.7	74	20	5.6	7.10E+01
484z	496z	536z		4	36.9	-10	9	20.4	1.60E+01
484z	496z			4	22.6	-10	35	16.8	3.60E+01
494	506z	513z	516z	4	40.7	-9	6	49.3	1.30E+01
506z	513z			4	43.3	-9	49	22.4	8.00E+01
500z	514z			4	41.1	-21	22	21.7	1.30E+01
518z	521			4	50.4	-10	34	17.3	2.30E+02
533z	3323			5	4.4	-25	52	5.1	4.80E+01
3311	3317	3330z		5	7.4	-49	17	13.3	4.50E+01
3311	3317			5	4.4	-49	22	6.1	4.40E+02
3324	3327	3336z		5	14.1	-41	27	4.6	1.20E+01
3327	3336z			5	16	-40	2	4.6	1.00E+02
548z	3367z			5	46.1	-25	4	3.4	3.60E+03
3391z	3395z			6	25.8	-54	0	2.4	7.30E+03
559z	564z			6	44.9	69	49	6.8	8.60E+02
569z	634z			7	37.9	53	27	19.4	3.00E+01
571z	636z			7	44.1	72	27	3.4	6.50E+01
612z	628z			8	2.3	35	10	19.9	8.70E+01
599	618	621	629z	8	3.2	68	22	24.6	1.60E+01
618	629z			8	7.2	67	8	7.7	2.10E+02
616	626	646z	655z	8	12	47	43	28.1	1.30E+01
646z	655z			8	20.2	47	17	18.4	7.80E+01
616	626			8	3.9	48	9	0.5	7.90E+01
645	652z			8	20.2	56	28	27.8	5.20E+01
668z	672			8	25.1	33	48	12.6	6.80E+01
690z	692z	699z		8	38.6	27	58	34	2.60E+01
692z	699z			8	39.7	27	27	13.7	2.60E+02
695z	726z			8	46.8	31	53	9.6	1.70E+02
728	743	750z		9	1.8	10	38	12.6	3.60E+01
743	750z			9	5.2	10	51	12.6	2.00E+02
733z	784z			9	8.2	55	30	24.3	1.50E+01
684	762z	765z	787z	9	10.9	73	44	7.3	1.60E+01
788z									
762z	765z	787z	788z	9	19.1	73	56	7.3	5.40E+01
762z	765z	787z		9	17.7	74	24	6.7	3.70E+02
762z	765z			9	14.7	74	16	0.9	5.80E+03
754z	780z			9	11.2	-10	45	4.6	3.50E+02
769z	774			9	12.3	4	38	2.4	2.90E+02
795z	817	832		9	28	16	2	9.4	2.30E+01
817	832			9	31.3	16	50	2.2	3.30E+02
786z	809z	818z	848z	9	33.5	75	28	12.7	2.00E+01
786z	818z	848z		9	33.5	74	47	8.2	1.60E+02
818z	848z			9	38.3	74	39	0.9	8.50E+02
855	868z			9	41	-8	44	13	1.30E+02
859	882z			9	44.8	8	47	23.6	2.00E+01
864z	873z	881	922z	9	53	71	33	22.7	2.40E+01
864z	873z	881		9	48.6	71	39	10	3.10E+02
900	913z	932		9	59.6	19	48	13.3	2.80E+01
913z	932			10	2.5	20	17	4.8	2.20E+02
871	960z			10	1.2	66	15	14	1.70E+01
912z	957z			10	5	0	15	3.7	6.60E+02
933z	954z			10	8.1	0	27	7.5	6.00E+02
943	951z	977		10	12.8	34	7	7.4	9.70E+01
943	951z			10	10.2	34	25	7.4	3.00E+02
947z	962z			10	13.4	63	32	23.9	2.50E+01
950z	985z	1002z		10	17.8	50	50	5.7	3.90E+01
950z	1002z			10	16.7	50	6	4.8	1.30E+02
930z	970z	978z	979z	10	18.7	-7	8	27.1	1.30E+01
993z	1069z								
930z	970z	978z	979z	10	15	-6	54	18.8	3.10E+01
993z									
930z	978z	979z	993z	10	14.9	-6	0	7.1	1.80E+02
978z	979z	993z		10	18.4	-6	12	7.1	3.80E+02
978z	993z			10	18.7	-5	29	1.8	3.50E+03
965z	980z	1000z		10	18.9	50	19	11.6	2.80E+02
965z	980z			10	17.4	50	15	7.4	5.80E+02
945z	968z	981z	998z	10	20	68	22	29.3	5.30E+01
1005z	1006z								
981z	998z	1005z	1006z	10	22.8	68	5	13.4	1.40E+02
945z	968z			10	14.6	68	56	10.7	2.40E+02
981z	998z	1005z		10	22.4	68	21	9.1	1.10E+03
961z	1033z			10	21.1	34	37	5.7	2.60E+01
990z	1004z			10	21.4	50	22	11.2	4.40E+01
975z	1014z			10	22.3	65	18	6.6	3.20E+02
999z	1016z			10	22.5	12	10	0.9	8.40E+03
972	995	997	1010	10	27.7	38	42	10.1	1.50E+01
1026	1031	1055	1068z						
1073z									
972	995	997	1010	10	22.9	38	58	3.1	6.30E+01
1026	1031								
1055	1073z			10	37	37	10	2.6	4.00E+02
995	997			10	20.8	37	39	0.6	4.80E+04
1010	1026	1031		10	26.2	39	33	3	2.20E+02
1010	1031			10	25.7	39	9	3	5.30E+02
1021	1067z			10	31.7	39	12	14.6	3.80E+01
1046z	1061z			10	35.6	67	51	2.9	9.10E+02
1023	1041	1075	1079	10	35.8	-7	43	5.5	2.10E+01
1084z									
1041	1075	1079	1084z	10	38.3	-8	1	3.5	4.30E+01
1079	1084z			10	41.5	-6	59	0.9	1.80E+04
1051	1074z			10	37.1	46	41	32.9	1.60E+01
1052	1094z	1096		10	41.3	28	9	16.1	3.20E+01
1094z	1096			10	45.1	28	3	16.1	2.60E+02
1065	1072	1132z		10	44.5	57	18	11.6	2.20E+01
1065	1072			10	39	57	24	0.7	2.70E+03
1087	1106	1110z		10	46.5	43	42	6.1	1.00E+02
1087	1106			10	45.3	44	13	1.8	2.00E+03
1100z	1213z			11	0	26	1	4.9	2.80E+01
1146z	1161			11	0.9	-22	9	20	5.30E+01
1070	1255z			11	3.4	77	5	0.9	1.80E+01
1155z	1187z	1190z		11	6.6	38	49	17.4	1.60E+01
1187z	1190z			11	8.9	40	29	0.9	3.20E+03
1149z	1171z	1238z		11	8.6	4	10	13	1.40E+01
1171z	1238z			11	12.6	2	18	10.9	4.70E+01
1143z	1202	1231		11	9.8	49	28	6	1.50E+01
1202	1231			11	15.2	48	53	1.8	4.30E+01
1179	1235z			11	13.7	22	4	8.8	1.90E+01
1188	1234z			11	14.2	21	44	3.4	3.40E+01
1169z	1275z			11	16.3	40	35	6.2	1.90E+01
1177z	1185z	1228z	1257z	11	16.5	29	40	15.5	4.00E+01
1267z									
1177z	1185z	1267z		11	13.4	26	1	5.2	1.80E+02
1228z	1257z			11	21.1	35	7	7.3	9.10E+02
1185z	1267z			11	16.7	28	3	5.2	5.80E+02
1204z	1219z	1232z	1251	11	17.1	17	42	24.9	3.00E+01
1232z	1251			11	20.8	17	59	5.6	6.70E+02
1204z	1219z			11	13.3	17	25	9.7	1.10E+02
1123z	1150z	1297z	1301z	11	20.6	75	26	26.3	1.60E+01
1381z									
1123z	1150z	1297z	1301z	11	14.3	75	24	14.6	3.40E+01
1123z	1150z			10	57.8	74	53	6	1.00E+02
1297z	1301z			11	30.7	75	56	9.5	1.50E+02
1258	1268z	1272z		11	25.4	24	39	11	4.40E+01
1268z	1272z			11	26.4	24	7	1.9	1.30E+04
1264z	1278z			11	26.1	19	6	7.3	1.90E+01
1221z	1331z			11	26.4	63	25	8.8	7.20E+01
1216z	1308z	1334z		11	27.3	-3	59	21.2	3.60E+01
1249z	1335z			11	29.8	68	22	18.6	4.60E+01
1227z	1361z			11	29.9	47	28	14.8	1.50E+01
1303	1304z			11	30.1	36	25	16.3	1.80E+02
1254z	1339z			11	31.2	72	21	11.5	4.50E+01
1289z	1322z			11	31.5	62	16	1.3	8.20E+01
1186z	1412z			11	31.7	74	42	16.8	3.60E+01
1239z	1357z	1359z		11	34.1	61	19	37.4	1.20E+01
1357z	1359z			11	40.6	61	45	25.5	5.20E+01
1315z	1329z			11	34.4	71	48	14.1	7.90E+01
1317z	1344z			11	35.4	-11	52	13	5.10E+01
1341z	1342z	1345z	1372z	11	39.4	10	57	23.9	2.50E+01
1341z	1342z	1345z		11	38.2	10	40	14.2	1.10E+02
1341z	1342z			11	38	10	30	3.5	5.90E+03
1332z	1375			11	39.5	-8	31	3.6	2.30E+02
1346z	1362z			11	39.8	6	52	1	3.50E+02
1307z	1337z	1385z	1390z	11	39.9	12	24	2.5	2.50E+01
1337z	1385z	1390z		11	43.1	11	36	1.6	1.00E+02
1385z	1390z			11	46.2	12	11	0.3	7.70E+03
1356z	1371z			11	41.4	13	16	3.4	5.30E+01
1218z	1400z	1468z		11	42.6	53	2	19.6	1.00E+01
1218z	1400z			11	32.4	53	41	4.4	2.40E+01
1368z	1387z			11	44.2	51	43	9.2	2.60E+02
1364z	1376	1389	1404	11	45.3	-1	30	15.4	4.30E+01
1376	1389	1404		11	46.8	-1	30	1.7	1.80E+02
1376	1389			11	45.2	0	58	1.6	3.10E+03
1386	1392z			11	46.9	-1	0	7.7	1.60E+02
1302z	1366z	1406z	1421z	11	47	67	50	16.4	4.80E+01
1432z									
1366z	1406z	1421z		11	49.1	68	2	7.3	2.30E+02
1406z	1421z			11	52.5	68	12	2.9	5.50E+03
1384	1388	1413z		11	48.2	23	3	24.8	1.60E+01
1384	1413z			11	49.1	23	14	6.3	7.80E+01
1373z	1407	1419		11	49.2	-1	12	17	1.30E+01
1407	1419			11	52.3	0	43	0.7	2.10E+02
1291z	1318z	1377z	1383z	11	49.3	55	54	40	1.60E+01
1436z	1452z	1507z							
1291z	1318z	1377z		11	35.7	55	51	16.3	8.90E+01
1383z	1436z	1452z		11	54.8	54	29	9.9	1.10E+02
1291z	1377z			11	36.8	56	10	4.9	9.30E+02
1382z	1467z			11	54.3	72	18	4.4	2.50E+02
1402z	1446z			11	54.6	59	30	8.5	6.30E+01
1420z	1425z			11	54.8	26	31	5.4	1.10E+03
1365z	1423z	1480z		11	54.9	32	5	9.3	3.10E+01
1411	1445z			11	55.9	0	5	12.1	1.60E+02
1438	1455z			11	59.7	29	7	2.7	6.50E+01
1448z	1469z			12	1.8	-6	42	19	4.80E+01
1431	1449	1486	1495z	12	4.4	29	55	10.2	4.00E+01
1486	1495z			12	10.1	30	11	10.2	1.20E+02
1431	1449			11	58.7	29	39	0.3	1.30E+02
1487z	1506			12	11.3	31	9	22.4	3.40E+01
1477z	1518z			12	11.5	64	4	7.6	2.70E+02
1497z	1519			12	14.2	27	4	4.3	2.30E+02
1491	1493	1523	1524z	12	14.8	7	15	11.9	5.40E+01
1523	1524z			12	19	7	16	7.6	1.30E+02
1491	1493			12	10.5	7	14	3.6	1.40E+02
1367z	1656z			12	19.6	24	11	5.2	3.10E+01
1474z	1526z	1552z	1569z	12	21.5	14	32	20.2	1.60E+01
1474z	1526z			12	12.5	14	37	2.8	1.10E+02
1528z	1617z			12	32.9	59	20	6.4	2.70E+01
1577z	1581	1599		12	37.6	2	3	5.4	2.30E+01
1581	1599			12	38.7	3	4	5.4	1.10E+03
1559z	1561z	1597z	1674z	12	40.7	69	20	14.2	1.20E+01
1561z	1597z			12	35	71	4	2.8	5.40E+01
1559z	1674z			12	46.3	67	35	1.9	6.80E+01
1590z	1614z			12	41.2	71	42	23.4	1.60E+01
1575	1594	1602	1619	12	42.6	28	4	11	1.60E+01
1632z									
1575	1594	1602		12	38.5	27	29	8.8	6.90E+01
1619	1632z			12	48.7	28	57	2	7.50E+02
1594	1602			12	40.3	27	41	0.1	1.00E+04
1539z	1678z			12	43.5	62	40	2.3	1.40E+01
1060z	3526z	3537z	3565z	12	43.8	-32	51	20.2	1.30E+01
3574z									
3526z	3537z	3565z	3574z	13	16.1	-34	14	20.2	4.50E+01
3537z	3574z			13	22.3	-31	6	3.6	3.50E+02
3526z	3565z			13	9.9	-37	22	5.4	4.50E+02
1566z	1621z	1646z		12	44.4	63	21	19.8	2.40E+01
1621z	1646z			12	50.2	62	42	10.7	2.00E+02
1546z	1636z	1655z		12	44.4	64	33	6.6	2.10E+01
1636z	1655z			12	53.8	64	22	3.3	5.20E+01
1601z	1618	1639		12	46.7	10	17	8.7	3.70E+01
1618	1639			12	49.5	10	47	5.2	2.20E+02
1500z	1741z			12	47.1	73	12	7.8	3.30E+01
1631z	1644z			12	52.4	-16	8	2.5	1.40E+03
1650z	1651z			12	56.5	-2	43	0.3	3.80E+02
1638z	1668z			12	56.8	19	24	8.7	2.30E+02
1648	1664z			12	58.6	-25	10	25.8	1.30E+01
1661z	1667z	1679z		13	1.5	31	10	16.4	2.40E+01
1667z	1679z			13	2.5	32	4	16.4	1.20E+02
1640z	1701z			13	2	62	3	5.1	4.60E+01
1672z	1675z	1677z		13	2.9	33	16	16.2	1.20E+01
1672z	1675z			13	2.6	34	19	13.6	1.40E+02
1643z	1702			13	2.9	44	52	7.9	2.10E+01
1682z	1708z			13	9.6	46	47	8.3	2.60E+02
1696	1697z			13	10.5	48	11	0.1	1.70E+01
1685z	1716			13	12.6	34	36	4.6	3.70E+01
1687z	1707z	1731z	1761	13	18.3	58	23	4.9	3.50E+01
1687z	1707z	1731z		13	14.1	58	32	4.9	1.80E+02
1687z	1707z			13	10.7	58	35	3.3	1.10E+03
1713z	1734			13	19.5	56	54	20.9	1.80E+01
1709z	1736z	3528z	3530z	13	27.1	-31	18	59.6	1.20E+01
3532z	3553z	3555z	3556z						
3557	3558z	3559z	3560z						
3561	3562z	3564z	3566z						
3570z	3571z	3572z	3575z						
3577z	3578z								
1736z	3553z	3555z	3556z	13	32.2	-31	47	33.1	2.80E+01
3558z	3559z	3560z	3562z						
3564z	3566z	3571z	3572z						
3575z	3577z								
1736z	3553z	3555z	3556z	13	25.9	-31	54	14.4	6.50E+01
3558z	3559z	3560z	3562z						
3564z	3566z								
3570z	3571z	3572z	3575z	13	45.9	-34	1	7.9	1.30E+02
3528z	3530z	3532z		12	53	-29	39	2.8	2.10E+03
3555z	3556z	3558z	3559z	13	27.3	-31	54	13.5	1.20E+02
3560z	3562z	3564z	3566z						
3577z	3578z			13	53.1	-26	2	11.6	1.30E+02
3556z	3558z	3560z	3562z	13	28.9	-32	53	8.3	3.30E+02
3564z	3566z								
3571z	3572z	3575z		13	46.5	-32	48	2.4	1.10E+04
3556z	3558z	3560z	3562z	13	26.5	-31	45	8.3	7.30E+02
1736z	3559z			13	25.6	-28	4	0.9	1.50E+03
1738z	1764z			13	28	59	1	6.6	7.00E+01
1759z	1760z			13	31.6	20	30	10	7.60E+02
1740	1770	1774z		13	33.6	41	15	19.8	1.80E+01
1770	1774z			13	38.4	40	54	19.8	5.70E+01
1767z	1783z			13	37.8	57	40	4.9	1.30E+02
1773z	1780z	1809z		13	44.2	3	41	4.4	8.70E+01
1773z	1780z			13	40.8	2	49	3.1	4.60E+03
1781z	1795z			13	44.4	28	28	8.6	1.20E+02
1777z	1851z			13	48.4	72	7	2.3	1.50E+02
1793z	1813z			13	48.7	34	9	30.3	1.50E+01
1825z	1827z	1828z		13	55.8	20	30	14.8	6.40E+01
1825z	1828z			13	55.8	19	46	3.7	5.90E+02
1775z	1800z	1831z	1873z	13	58.3	27	24	15.5	1.30E+01
1898z									
1775z	1800z	1831z		13	48	27	44	9	6.60E+01
1800z	1831z			13	52.1	28	17	1.6	6.00E+02
1842z	1852z			14	0.7	17	1	13.6	6.40E+01
1848z	1893z			14	5	74	28	23.2	5.20E+01
1885z	1901z			14	15.4	42	14	12.5	5.50E+01
1872z	1918z			14	15.7	62	47	11.8	7.10E+01
3592	3593z			14	16.1	-20	39	4.5	6.70E+01
3594	3596z	3598		14	21.5	-18	10	6.9	2.20E+02
3594	3598			14	21.1	-17	30	4.3	6.10E+02
1900z	1914z			14	21.5	37	9	1.9	8.30E+01
1908	1921z	1926z		14	25.6	24	57	10.8	2.30E+01
1920z	1936z	1937z	1940z	14	31.4	56	14	24.2	2.50E+01
1936z	1940z			14	33.4	55	12	0.3	3.70E+04
1899z	1913z	1991z		14	31.9	17	54	18.2	1.10E+01
1899z	1913z			14	21.7	17	25	2.8	2.10E+03
1927z	1939z			14	31.9	25	28	7.8	2.70E+02
1941	1944z			14	35.5	30	40	11.5	2.90E+02
1929z	1934z	1958z	1961z	14	37.4	30	45	42.4	2.00E+01
1963z									
1958z	1961z	1963z		14	42.1	31	26	36.2	5.70E+01
1929z	1934z			14	30.4	29	43	1.3	2.60E+04
1958z	1961z			14	41.7	31	18	16.5	4.30E+02
1933z	1975z	2002z		14	42.2	69	26	38.7	1.30E+01
1954z	1973			14	43	28	11	21.2	3.20E+01
1925z	1962z	1999z	2000z	14	43.5	55	26	15.1	4.30E+01
1925z	1962z			14	34.1	56	15	2.8	2.20E+02
1999z	2000z			14	52.8	54	36	0	1.20E+06
1967	1970z			14	45	11	47	9.4	5.30E+01
1979z	1987			14	49.8	32	1	13.8	1.20E+02
1972z	1976z	1980z	1986z	14	50.5	21	52	11.7	2.90E+01
1988z	2006z								
1976z	1980z	1986z	1988z	14	51.4	21	24	9.5	5.50E+01
2006z									
1976z	1980z	1986z	1988z	14	49.9	21	47	9.5	1.80E+02
1976z	1986z	1988z		14	50.1	21	26	7	3.40E+02
1976z	1988z			14	49.6	21	5	2.8	2.30E+03
1984z	1990z	2005z		14	52.8	28	9	12.1	1.60E+02
1990z	2005z			14	54.1	28	9	4.8	4.80E+02
1982z	2022z			14	55.6	29	47	9.2	1.10E+02
2001z	2008z	2017z		14	57.6	23	13	19.4	8.30E+01
2008z	2017z			14	59	23	21	6.5	1.50E+03
2028z	2029z	2033z		15	8.2	6	44	15.9	1.10E+02
2028z	2029z			15	7.7	6	50	3.4	8.90E+02
2020z	2055z			15	8.8	7	16	14.8	6.70E+01
2019z	2056z			15	8.9	27	55	9.7	5.00E+01
2026z	2048z			15	9.4	2	15	21.9	2.50E+01
2034	2046	2049z		15	10.5	33	35	7.7	5.20E+01
2034	2046			15	9.4	34	22	1	5.70E+02
2030	2050z	2053z		15	12.4	0	2	21.9	5.50E+01
2030	2050z			15	11.2	0	12	4.2	9.40E+02
2052z	2063z			15	17.4	8	0	0.6	5.40E+03
2062z	2069z	2083z		15	22.9	31	5	13.9	4.50E+01
2069z	2083z			15	24.6	30	30	2.2	5.40E+02
2061z	2065z	2067z	2079z	15	24.8	29	44	37.8	1.60E+01
2089z	2092z								
2061z	2065z	2067z	2089z	15	22.9	29	30	18	5.30E+01
2079z	2092z			15	28.6	30	11	4.3	3.30E+02
2065z	2089z			15	25.6	28	3	4.3	3.50E+02
2061z	2067z			15	20.2	30	58	6.8	9.30E+02
2093z	2096z	2100z		15	33.5	37	31	2.9	3.70E+03
2094	2128z			15	40.2	-2	23	21.4	5.60E+01
2107z	2147z	2148z	2151z	15	57	19	37	20.8	3.50E+01
2152z									
2147z	2148z	2151z	2152z	16	1.8	19	2	8.9	5.50E+01
2147z	2151z	2152z		16	2	16	50	5.2	1.80E+03
2142z	2175z	2178z		16	11.3	27	23	24.4	1.20E+01
2155	2177z			16	12	25	30	17.3	5.50E+01
2168z	2169z	2184z		16	14.8	51	17	19.7	3.30E+01
2169z	2184z			16	16.2	49	47	7.4	7.00E+02
2158z	2172z	2179z	2183z	16	19.7	42	17	17.5	2.90E+01
2196z	2211z								
2172z	2179z	2183z		16	17.9	42	38	8.6	3.80E+02
2196z	2211z			16	29	41	19	7.3	3.10E+02
2179z	2183z			16	19.2	42	41	1.6	1.60E+04
2162z	2197z	2199z		16	21.3	36	46	5.8	4.90E+01
2197z	2199z			16	26.6	40	19	0.6	4.70E+04
2187z	2190	2192z	2206	16	30.1	42	57	13.9	3.50E+01
2221	2222								
2187z	2190	2192z	2206	16	25.3	42	51	13.9	4.50E+01
2190	2192z	2206		16	26.3	43	21	5.4	5.10E+02
2221	2222			16	39.5	43	8	0.2	1.20E+04
2182	2224z			16	30.9	13	59	16.2	2.50E+01
2204z	2210z			16	31.3	5	39	18.6	4.60E+02
2180	2202	2215	2230z	16	32.2	48	24	9.8	2.60E+01
2180	2202	2215		16	27.7	48	18	3	6.90E+01
2202	2215			16	32.2	48	33	2.6	3.30E+02
2213z	2214z			16	35.4	39	41	4.2	2.30E+01
2207	2218z	2226	2229	16	36	66	11	32.1	1.10E+01
2207	2218z	2226		16	33.8	66	21	7.3	8.40E+01
2218z	2226			16	37	66	45	1.2	9.90E+02
2176z	2189	2203	2236	16	36.5	72	16	8.8	2.00E+01
2260									
2176z	2189	2203	2236	16	27	72	17	8.8	4.50E+01
2236	2260			17	2.6	71	53	1	2.20E+02
2176z	2189	2203		16	19	72	32	8.4	1.30E+02
2189	2203			16	21.6	73	1	0.5	1.80E+03
2194	2220z	2242		16	39.7	55	13	26.6	1.30E+01
2220z	2242			16	47.5	54	11	25.8	2.50E+01
2223z	2228z			16	43.1	28	47	4.4	2.00E+02
2233	2235z			16	52.1	41	41	11.7	2.60E+01
2241z	2250z			17	3.5	36	11	8.4	3.70E+01
2245z	2249z	2253z		17	7.4	35	37	25.6	1.80E+01
2245z	2249z			17	4.4	34	4	12.8	1.90E+02
2257z	2263z			17	18.6	29	49	0.9	3.30E+01
2248z	2256z	2271z	2296z	17	20.7	77	55	29.3	3.00E+01
2256z	2271z	2296z		17	27.7	78	11	15.1	1.50E+02
2256z	2271z			17	13.2	78	26	6.5	1.90E+03
2261	2266z			17	21.7	32	11	34	3.20E+01
2301z	2304z	2308z	2309z	18	39.9	70	49	32.5	1.40E+01
2311z	2312z	2315z							
2301z	2304z	2308z	2311z	18	39.1	69	41	32.5	7.30E+01
2312z	2315z								
2311z	2312z	2315z		18	55.1	69	30	15.6	2.30E+02
2301z	2304z			18	17.5	69	16	5.3	3.80E+03
2311z	2315z			18	55.7	70	6	6.6	2.20E+03
3651z	3667z			19	58.3	-56	5	17.8	2.40E+01
3663	3692z			20	17.3	-52	11	6.9	1.90E+01
3683	3694z			20	28.8	-33	31	5.7	1.50E+02
3687z	3703z			20	32.5	-62	21	15.8	2.50E+01
3656z	3698z	3706z	3742z	20	33.1	-37	30	10.6	5.50E+01
3656z	3706z			20	18.1	-38	35	4.5	5.20E+02
3693	3695z	3696z	3705z	20	33.3	-35	17	10.3	1.40E+02
3693	3695z			20	31.4	-35	20	1	6.50E+02
2330z	2333	3729		20	56.6	-22	4	11.1	1.40E+01
2330z	3729			20	55.8	-23	23	9.8	6.30E+01
3744z	3747z			21	4.8	-34	41	2.1	1.60E+01
3739	3751	3755	3756z	21	9.2	-42	46	12	4.70E+01
3751	3755			21	11.6	-43	20	4.3	9.80E+02
2339z	3778			21	23.9	-22	16	14.3	2.40E+01
3764z	3787			21	27.8	-36	12	14.8	1.40E+01
3781z	3782z			21	30.6	-64	39	4.3	4.00E+01
3750	3766	3771z	3777z	21	32.4	-50	39	19	1.40E+01
3785z	3792	3793	3796z						
3817	3818								
3766	3771z	3777z	3785z	21	32.9	-51	32	16.6	2.00E+01
3793	3796z	3817							
3817	3818			21	48	-49	16	4.3	1.30E+02
3777z	3785z			21	30.2	-53	3	1.9	3.00E+02
3766	3771z			21	24.9	-50	15	2.4	2.70E+02
2353	2355z	2356z		21	32.6	0	16	34.6	1.20E+01
2353	2356			21	32.5	0	58	8.4	2.70E+02
2378z	3770			21	35.2	-20	40	5.9	2.20E+01
3795	3813z			21	40.9	-32	8	9.1	4.70E+01
2361z	2362z	2372z	2382z	21	44.5	-17	6	22.2	1.90E+01
2401z									
2361z	2362z	2382z		21	41.2	-14	59	12	5.30E+01
2372z	2401z			21	49.3	-20	16	1.2	2.30E+02
2361z	2362z			21	37.2	-14	32	2.8	1.10E+04
3806z	3822z	3825z	3826z	21	51.2	-58	9	5	2.20E+01
3806z	3822z	3826z		21	50.1	-57	20	4	1.30E+02
3806z	3822z			21	46.8	-57	48	4	4.20E+02
3809z	3831z			21	52	-45	6	7.1	3.90E+01
2366z	2399z	2415z		21	52.6	-6	59	14.8	3.10E+01
2399z	2415z			21	58.8	-6	56	2.5	4.00E+02
2384z	3828			21	54.1	-20	11	17.3	2.20E+01
2377z	2400z	2402z	2410z	21	59.2	-10	41	23.4	1.70E+01
2420z	2428z								
2377z	2402z	2410z		21	52.9	-10	9	2.2	5.40E+01
2420z	2428z			22	10.6	-11	1	2.5	8.80E+01
3799z	3879			22	0.5	-71	7	13.7	2.70E+01
3816z	3867			22	2.5	-56	44	5.8	2.00E+01
3827z	3860			22	7.4	-58	46	9.8	1.10E+01
3836	3839	3849z	3877	22	12.3	-50	33	13.8	2.60E+01
3839	3877			22	15.2	-49	10	3.6	8.10E+01
3836	3849z			22	9.4	-51	56	10.8	6.40E+01
3851z	3864z			22	15.2	-52	47	0.3	3.30E+04
3854z	3888z			22	23.1	-36	58	5.8	2.80E+01
3875	3886z			22	25.6	-56	14	9.4	3.30E+01
2459z	2462z	2492z		22	39.4	-17	42	5.3	2.60E+01
2477	2480	2496z		22	44.3	-17	20	14.8	2.40E+01
2477	2480			22	42.3	-17	40	3.4	9.40E+02
2479z	2524z			22	51.6	17	13	11.5	6.70E+01
2511z	2525z			22	58.7	-9	22	3.7	9.30E+01
2518z	2521z			22	58.8	-23	20	2.6	4.60E+01
2528z	3949			22	59.5	-20	57	5.9	8.70E+01
2514	2531z	2539z		23	2.7	-22	23	4.9	2.60E+01
2531z	2539z			23	5.2	-21	51	1.9	4.50E+03
2526	2542z			23	4.4	-24	32	10.3	7.00E+01
2534z	2536z			23	5	-22	49	1.6	3.80E+04
2538z	2556z	2566z	3964	23	7.8	-20	43	13.7	3.30E+01
2538z	2566z	3964		23	7	-20	20	4	8.50E+01
2538z	3964			23	3.8	-20	10	1.5	1.50E+03
2546z	2548z	2554z		23	8.8	-21	48	5.7	7.70E+01
2548z	2554z			23	9.2	-21	13	2.5	5.30E+02
2540z	2550z	2565z	3996	23	11.9	-22	3	25.4	1.40E+01
2565z	3996			23	15.9	-21	53	3.7	1.10E+02
2555z	2568z			23	12.2	-22	29	4.1	3.20E+02
3988	3992z			23	15.7	-73	43	3.6	1.90E+03
2572z	2589z	2592z	2593z	23	24.7	15	14	19.3	2.00E+01
2657z									
2572z	2589z	2592z	2593z	23	20.3	16	49	18.4	4.50E+01
2572z	2589z	2593z		23	19.8	16	28	4	4.70E+02
2597z	2638z			23	30.3	-12	11	8.4	3.40E+01
2616z	2623z			23	31.6	5	20	15.6	2.10E+02
4008z	4026			23	32.9	-38	42	16.1	1.90E+01
2622z	2625z	2626z		23	33.4	22	47	14.8	2.00E+01
2625z	2626z			23	33.9	20	35	11.1	2.50E+02
2618z	2637z			23	34	21	58	3.1	9.10E+02
2619z	2640			23	34.7	20	33	26.1	1.90E+01
2632z	2636	2646z	2652	23	38.7	-10	34	37.5	2.10E+01
2658z									
2632z	2652			23	37.9	-10	4	9.9	1.20E+02
2636	2646z			23	37.5	-10	3	4.9	1.30E+03
2644z	2656z			23	40.4	-2	17	20.2	1.40E+01
2634z	2666z			23	42.1	26	49	11.9	2.10E+02
4038z	4049z			23	47	-28	32	1.2	4.40E+04
2675z	2678z			23	53.2	11	17	1.9	3.70E+04
2686z	4055	4061	4069	23	55.4	-22	0	16.8	2.30E+01
4055	4069			23	55.1	-21	34	3.5	3.40E+02
4064	4067z			23	56.2	-60	36	13.1	4.70E+01
4056	4068z	4074		23	56.3	-37	60	15.1	1.90E+01
4056	4074			23	55.8	-37	7	15.1	2.40E+01
2717z	4059z			23	57.4	-35	35	1.5	1.20E+03
2716z	2726	4053z		23	59.1	-27	56	14.8	3.20E+01
2726	4053z			23	58.5	-28	10	3.6	7.80E+01
267	268	271	295	1	53.1	0	6	2.7	8.40E+02
921	942			10	6.3	7	10	16.9	5.40E+02