987 Clusters superclusters from LOWZ_South
ClustID CentreX(Mpc/h) CentreY(Mpc/h) CentreZ(Mpc/h) MaxDens WtdAvgDens R_eff(Mpc/h) Dens025 EdgeFlag ClustDensRatio
650	1949.018840	1128.202589	1209.972701	875.818500	2.631809	17.753445	0.000000	0	67.001613
563	2117.404761	857.746938	1187.952965	506.927200	1.248084	27.144919	0.000000	0	110.427518
1613	1632.787952	1292.609672	1253.683623	488.552000	1.940186	21.792707	5.162770	1	120.475920
7396	2151.089681	992.124279	1452.939890	438.813700	1.662873	22.063722	0.000000	0	70.017766
7057	2008.876526	1103.689368	1287.993031	393.809400	4.557505	22.594757	64.851688	0	31.861542
8214	1659.171368	1217.545804	1336.985605	385.042400	2.020694	20.079972	6.599742	0	44.055976
1002	2069.664344	1736.765933	1178.395100	341.401100	0.907918	23.860992	19.666216	0	55.974373
5700	1983.068719	1558.577702	1420.970393	263.515700	2.544455	21.405255	27.241128	0	42.580525
2911	1697.694237	1005.396803	1228.013067	235.055000	2.965611	15.632080	83.930010	0	22.618082
7236	1648.282875	1067.732090	1260.664692	224.816400	2.912942	19.596556	0.000000	1	14.828063
2826	2036.778095	1027.721352	1261.738802	219.437700	4.355444	27.317543	15.726883	0	11.163205
1450	2171.955312	1248.673157	1323.722982	212.915800	3.014311	27.656315	32.838001	0	11.690821
9601	1988.440858	1433.907039	1609.160257	204.489600	2.333103	15.359760	0.000000	1	98.026195
1885	1781.693395	1242.357849	1211.406217	186.997300	1.060234	19.948872	6.730716	1	95.161471
1265	2005.743388	1599.449678	1415.958827	178.064900	1.507628	23.199739	29.954703	0	16.890807
2283	2294.198658	1463.951197	1244.004084	175.321700	2.173563	24.208979	0.000000	1	13.713730
2318	2087.982220	1019.347482	1245.459476	172.131300	1.559464	19.214061	30.131363	0	12.216975
1201	1703.640069	884.110453	1205.244430	165.092500	1.515799	19.738805	13.895805	0	8.834033
8600	1988.170411	1050.545232	1374.023144	161.836500	1.613247	25.870981	6.171740	0	8.033875
1336	1991.137435	1600.872054	1297.528356	158.770600	1.552297	28.105451	28.881908	1	18.715604
10797	1847.010250	1037.212796	1363.677209	145.617000	1.116139	24.329019	0.000000	0	36.617050
307	1512.310565	897.511842	1254.545935	144.207100	70.019653	2.370037	4013.756146	0	-1.000000
5717	2078.380657	1506.230415	1460.967643	143.807900	1.092983	27.024203	0.000000	0	9.339166
7063	2271.497435	920.636176	1320.588451	139.432200	1.743366	22.971547	13.224121	0	21.349872
8288	1981.262251	1399.931106	1594.182978	137.340800	4.052161	13.658238	20.971636	1	23.338759
5498	1655.354771	954.840714	1365.480298	137.038300	1.315933	24.229621	15.025759	1	42.023263
7952	2073.930701	1130.780947	1333.420450	136.471100	1.008559	27.878466	19.728755	0	74.315184
5793	1960.492300	1499.485822	1543.410833	136.390400	1.499785	24.121746	11.421189	0	21.279742
2322	1820.410459	1163.559652	1227.904162	135.654800	1.241339	21.458925	16.222346	0	12.708212
3758	1730.457507	958.581507	1159.913507	131.904400	131.904377	1.647634	11946.324137	0	-1.000000
1156	1807.337963	1016.725518	1192.619235	122.021400	1.685509	25.249814	39.831163	0	42.650583
10008	1944.269646	1637.123523	1662.649058	121.822900	1.737902	20.927365	0.000000	1	8.437876
8921	1909.444693	1024.369437	1348.659692	121.311300	1.766763	31.423141	8.610681	0	10.058508
5335	1846.122591	959.768949	1338.426578	120.578100	0.833227	26.219126	0.000000	0	25.790729
4703	2035.627539	988.260166	1175.353370	119.746400	2.670891	27.477798	2.575553	0	9.407462
9296	1841.742058	1322.943528	1470.158906	119.335500	2.456717	23.722140	8.005430	1	8.734516
2222	1838.117385	1179.179999	1216.752712	118.969900	1.634037	25.541788	41.687493	0	8.196432
6657	1861.224261	858.780314	1550.916246	118.556600	3.514972	15.667946	0.000000	1	10.550464
10831	2160.608004	979.443896	1427.933434	118.542300	1.763994	21.376147	5.470512	0	14.063151
638	1991.115368	1749.886048	1193.330897	117.678500	1.176418	20.741387	5.988291	0	6.064150
1494	1930.578047	1279.670992	1276.098484	117.108400	4.579573	11.419483	0.000000	0	5.810430
9093	2060.606365	982.359924	1450.921273	116.434800	2.026183	21.159578	11.280421	0	16.274352
8226	1617.352640	1126.040858	1333.339664	116.030300	4.508230	15.508039	42.980045	1	15.166397
2482	2235.171648	1694.036839	1294.044268	114.651000	9.162292	7.317338	136.381987	1	-1.000000
7298	1561.069031	1396.213696	1399.689255	114.267400	1.057049	21.961983	0.000000	1	57.618117
3190	2047.307905	1497.363038	1363.316924	110.698100	1.534372	26.267069	20.638564	1	55.747659
8860	1646.505982	1092.643681	1276.624721	110.433800	4.731764	14.508863	139.960712	0	5.399892
2247	1823.856617	1650.062709	1233.278595	109.332700	1.266490	20.547049	0.000000	0	22.526469
9381	1632.714147	1127.562007	1348.540215	108.199800	3.277975	17.397455	20.295002	1	13.079479
1893	1749.485694	1341.343819	1208.030172	108.114300	1.891720	18.398983	8.578964	0	5.266106
7141	2183.749746	1421.450136	1400.014293	108.005800	1.052483	26.970808	0.000000	0	19.837317
8597	1885.932337	1040.564687	1333.299881	106.751000	1.481773	22.329939	9.598066	0	8.851241
2437	2221.130414	1471.379772	1285.569896	103.767100	4.085078	12.329974	0.000000	0	7.181005
1924	1852.099096	1237.702096	1216.356421	102.266100	1.116088	26.561135	2.851520	0	12.820324
4628	1791.602613	996.678452	1167.934223	101.967000	2.076528	10.737072	43.167675	1	18.114835
132	2037.069053	613.766441	1251.484392	101.129200	1.155594	25.102371	0.000000	0	7.827073
9654	2159.101710	1047.764561	1514.817027	100.738800	0.943688	24.935109	0.000000	1	20.053844
98	1818.273936	667.126820	1275.460486	100.366200	1.254180	22.920732	0.000000	1	42.879248
180	1752.903867	828.670267	1238.298745	99.268000	1.278984	27.587902	5.089678	1	32.631122
3443	2004.317881	1592.463958	1436.322889	98.902720	1.975814	22.880509	0.000000	1	10.306162
3434	1589.770261	1396.346608	1299.424725	98.520640	4.587661	14.347342	144.741134	1	14.539619
2174	1948.426495	1262.701558	1213.118912	97.107970	1.259151	28.278306	2.362959	0	17.939184
1217	2008.171425	1661.052865	1208.519923	96.505050	1.267889	24.259621	11.227563	0	64.673427
9163	1625.374515	1267.433260	1322.454570	96.352730	1.378707	17.196149	0.000000	1	12.119384
8245	1772.173022	1193.959305	1382.307246	96.351290	1.741679	21.322026	5.512275	0	54.119866
2110	2349.121342	1227.208289	1240.696512	96.342000	5.398967	12.501979	0.000000	1	6.164409
5310	2140.813753	781.828362	1348.944606	95.380530	1.359724	31.181099	3.525105	0	19.177576
10738	1900.995051	935.773773	1575.967763	95.080560	15.367157	4.707755	512.123454	0	-1.000000
6283	2170.593505	1468.434473	1458.090685	94.865820	1.551669	29.009542	2.188737	0	6.833359
1424	1930.750238	1224.318013	1275.847130	92.434070	1.298557	30.670685	29.632332	0	18.097997
2106	2313.247803	1160.120696	1232.864587	92.031740	2.601301	26.854724	0.000000	1	5.978763
2633	1716.452042	1153.096014	1239.129691	91.590070	3.143786	13.902456	59.657218	0	5.768509
6167	1677.274795	1375.582655	1339.720098	91.236190	1.569954	20.307575	0.000000	0	23.800307
6413	1768.132214	1410.358487	1479.852797	90.870090	4.487461	10.544656	45.574197	1	10.229209
8927	1753.738163	1195.854692	1318.374745	89.952810	1.339176	29.094675	30.374126	0	15.609057
7026	2068.202161	950.819341	1453.297567	89.371960	1.607661	24.163418	0.000000	0	15.625328
146	2161.541563	598.951136	1246.070062	89.082710	1.446637	17.660856	0.000000	0	45.985925
3715	1616.134959	1584.155557	1189.659341	88.812820	1.676677	10.000545	53.425092	1	6.515254
5503	2194.548072	847.021139	1561.068519	88.440810	1.280225	28.648707	0.000000	1	24.503950
1023	1640.044267	1222.442010	1191.232596	87.742280	4.383266	11.949026	93.959364	1	14.971747
4002	1631.819288	1448.871112	1176.571238	87.699120	2.905913	16.226760	0.000000	1	18.706815
4700	2063.799393	965.185151	1163.889481	86.982130	1.896284	18.484659	0.000000	0	34.210603
3174	2086.503403	1620.849099	1373.578730	86.518660	1.603081	19.932342	0.000000	1	31.533930
957	1618.100744	1467.543227	1188.693595	85.513430	2.760314	18.518827	8.413483	0	13.273957
10912	1742.409332	878.732418	1213.734572	84.605090	1.939489	26.952289	5.458324	0	6.431950
3652	1753.574945	1650.327851	1094.224551	84.036380	13.158600	4.797601	483.887091	1	11.772845
8989	2289.624609	1157.599982	1458.891614	83.783210	1.384158	25.564107	0.000000	1	29.084084
784	2109.455971	928.383279	1170.975017	82.997060	1.339862	19.470227	0.000000	0	6.538054
8271	1805.365656	1334.831400	1490.498157	82.942510	2.702303	15.170210	0.000000	1	12.348386
1062	2212.779003	1303.768681	1192.859512	82.848840	1.746529	25.456754	25.911778	0	21.108500
9383	1654.021686	1173.147992	1357.233387	82.640140	2.263620	13.539177	0.000000	1	12.267021
6278	1640.210525	1320.009798	1367.332170	82.369280	2.115073	15.554679	0.000000	0	7.311480
1391	2173.273438	1243.644091	1290.118847	82.082720	1.272449	22.779907	9.040458	0	18.013308
7186	2212.222475	1140.794667	1308.957777	81.987620	1.011304	25.347781	0.000000	0	13.174611
4625	2165.440349	815.225065	1143.738166	81.729520	1.393744	14.603027	0.000000	1	21.469374
2125	2238.859048	1398.691961	1228.978651	81.161300	2.286920	27.407975	2.595287	0	7.472698
686	2051.284471	807.036245	1176.786226	81.053860	2.939557	21.187402	5.618019	0	8.287723
8724	1918.970100	1556.928462	1713.993925	80.604380	13.592204	6.621792	0.000000	0	-1.000000
6718	2032.110859	762.984333	1659.932439	80.325140	0.909403	17.575645	9.841980	1	57.502463
2091	1808.398832	957.793938	1210.578970	80.019830	0.877629	23.735163	23.976782	1	37.556519
768	1970.876851	1145.035765	1204.880817	79.972040	3.006032	16.740069	11.390547	0	7.407869
1413	2115.445018	1258.400625	1336.668637	79.109560	0.901919	27.931460	0.000000	0	17.479887
3412	2069.809837	1660.114146	1242.674365	78.085110	0.968184	20.541918	0.000000	0	21.264293
380	1633.048833	878.139843	1269.094853	78.077750	1.278813	18.692386	0.000000	1	42.889283
1046	1936.842737	1854.959646	1176.377796	77.470090	1.344991	27.150842	13.348621	0	4.388024
3312	2128.246764	967.292650	1292.020459	77.267480	1.147231	22.589525	0.000000	0	19.821090
3694	1599.167740	1581.319369	1174.219428	76.813320	5.666426	6.616755	368.902183	0	5.634978
8979	2204.214509	1334.148972	1427.965530	76.773470	2.628781	14.388989	17.935994	0	15.405923
5363	2203.801111	770.668963	1355.238135	76.568250	2.603816	27.687753	25.174054	1	11.940042
3888	2090.184405	679.936509	1157.093543	76.223540	2.363688	17.350932	0.000000	1	14.398531
9693	2191.949845	1228.751386	1549.085134	76.134260	1.025926	21.597805	0.000000	1	96.518842
5394	1628.220931	1071.967580	1275.263000	75.508500	4.953447	15.029786	15.738302	0	4.980264
1284	2036.090534	1443.432171	1368.330462	75.458730	1.166022	21.840819	0.000000	0	19.584190
3160	1766.399189	1420.387730	1289.469280	75.413870	1.072965	21.644732	10.538764	0	44.004623
5537	1748.663336	879.816493	1384.777908	75.253190	1.478275	15.211628	0.000000	1	5.447114
4456	1817.336036	1299.424259	1168.834156	75.124260	7.203309	13.422690	0.000000	1	11.449184
6320	1758.707030	1420.633781	1485.321026	73.738210	1.999665	22.578241	9.284873	0	4.541337
1563	1724.364971	955.756741	1248.793449	73.376300	1.118900	19.869246	34.059806	0	24.699560
3042	1599.209148	1365.851015	1285.282430	73.307700	3.051986	14.522652	0.000000	1	8.702463
3360	2248.490675	1542.966890	1238.122013	72.678180	1.712593	29.750461	2.029248	1	7.769389
2092	1694.369485	1071.088719	1211.184372	72.651860	0.840878	20.564440	18.432613	0	7.974698
5746	1647.340815	1337.307573	1356.773867	72.327180	1.540029	23.809597	23.752613	0	7.828521
5889	2071.284382	1607.133553	1494.704356	71.347310	1.035861	24.114994	22.861573	0	29.842054
2403	2204.494203	1474.903198	1269.931934	70.781030	1.737581	23.625603	20.259914	0	10.446813
7787	1675.776373	1154.515628	1271.434516	70.584500	1.591105	22.528869	0.000000	0	6.777880
6219	1684.271659	1312.891950	1321.504900	70.249080	1.735120	25.936843	0.000000	0	3.193228
9222	2178.297086	1067.373048	1571.164829	69.919810	2.483128	13.890642	0.000000	1	36.901076
1299	1801.008336	1566.172185	1260.542751	69.834130	2.842123	13.936669	19.739645	0	7.738193
2859	2181.326219	663.193218	1291.137674	69.385800	1.981942	26.916104	10.960735	1	21.834689
8006	1645.314904	1152.311886	1277.642965	68.984760	1.962181	15.936782	0.000000	1	13.144630
9254	2187.569316	1366.299698	1606.844436	68.880620	2.190261	28.145694	14.379098	0	14.146649
5625	2026.668090	937.793881	1399.925186	68.599550	2.396694	20.346026	44.409467	0	8.155882
5891	2043.067683	1604.221056	1487.373137	68.159220	0.737196	19.965924	13.426970	0	73.061354
1674	2088.921818	1356.934150	1318.832403	68.017160	0.997010	27.326933	2.618446	0	5.435566
2319	2057.947041	1068.847746	1241.282159	67.975200	0.998611	19.391540	7.327898	0	31.422871
628	1907.690109	1393.003139	1181.331882	67.914840	5.649216	12.837463	75.770455	1	4.258976
865	1675.093079	1036.698773	1199.702229	67.842660	1.397080	18.630260	8.263415	1	13.371745
1865	2024.648869	811.164291	1232.923655	67.729010	1.091405	20.478865	0.000000	0	15.375706
4471	2168.214921	1233.295515	1172.860703	67.315690	1.348142	19.310992	0.000000	1	12.488292
7070	2000.246913	982.021981	1328.882824	67.037330	1.279346	22.859888	0.000000	0	7.477742
7410	2019.938799	1040.339514	1428.313476	66.666610	1.319715	24.503283	25.423863	0	24.789969
3068	1731.157694	1369.982047	1322.698732	66.406150	0.983121	18.838094	0.000000	0	24.689405
9189	2193.158033	1130.343670	1565.773748	65.768030	2.104728	19.856621	0.000000	1	4.677320
3626	1781.965785	1570.700222	1099.471000	65.561880	2.364450	15.080148	0.000000	1	9.881169
7527	1958.310650	1467.570222	1595.282466	65.460380	1.313078	21.734396	0.000000	1	28.929695
4749	1707.832966	1497.304870	1178.308511	65.107240	3.105460	15.230171	45.375692	1	6.987183
4139	2292.790266	1473.534153	1162.902674	64.852270	2.619182	20.325298	12.727279	1	28.849074
786	2002.246768	1855.979413	1177.980857	64.786950	1.547536	17.583071	0.000000	1	14.023654
1340	2012.258659	1732.187998	1302.296792	64.730250	4.218317	15.552663	71.018579	1	10.657084
2400	1921.227561	1323.233643	1253.368361	64.653490	2.021473	23.253073	46.748527	0	4.328500
9590	1774.323595	1388.261034	1499.138380	64.382160	3.418284	8.341811	0.000000	0	26.793543
2046	1762.151288	1137.709923	1224.157910	64.298250	2.628892	15.879751	0.000000	0	4.242952
5079	2089.917440	872.511332	1475.482263	63.575310	1.106127	29.244352	19.227942	0	9.991336
7248	2127.132776	1418.013080	1436.019865	63.555460	1.903929	22.240812	29.141751	0	5.410196
5451	1963.035086	888.834420	1433.197273	63.423190	1.677343	24.354042	7.398320	0	6.992426
4673	2071.329314	797.860527	1159.340936	63.279370	2.423836	19.926736	0.000000	1	9.188214
1200	1865.784160	749.282877	1214.928983	63.098960	0.829757	26.268880	0.000000	1	30.391383
1550	1685.590264	1336.082079	1263.199970	62.923370	1.160765	24.030403	3.850642	0	10.794372
7227	2157.380109	939.980347	1500.241704	62.898140	1.929893	25.632803	6.345385	0	5.234062
813	1953.245248	1169.111897	1196.248599	62.423440	2.129328	15.386519	0.000000	0	10.814861
7839	1979.253812	1059.982927	1416.564606	62.314580	1.997730	28.498966	23.084953	0	7.619139
1197	1724.187227	790.425492	1200.693769	62.126000	1.952929	23.739874	19.968759	1	11.120837
9244	1827.450033	1313.997548	1442.965715	61.937900	1.229484	22.534022	4.669820	1	11.143420
5026	2146.931957	712.429468	1451.795695	61.753970	1.421583	24.269641	3.737887	1	30.453858
6349	1859.560247	897.953197	1475.354283	61.740260	2.504132	17.115174	0.000000	1	6.693811
9845	1740.212427	1288.484408	1502.705284	61.613430	17.879194	5.249789	0.000000	1	3.750443
500	2093.409398	903.667904	1182.631743	61.586500	1.771312	17.205269	0.000000	1	4.851448
5389	1645.719316	1071.638680	1275.963274	61.572850	2.463005	11.481824	0.000000	1	8.625422
18	1846.500294	729.578811	1317.793755	61.495510	1.051222	16.558423	0.000000	1	52.361972
7321	2191.929197	1406.315731	1467.384710	61.448780	1.171901	26.959994	0.000000	0	30.313811
10929	1615.809957	891.690271	1210.054581	61.445540	1.067340	29.281919	27.666934	1	39.381307
9545	2112.039578	1305.643347	1631.217855	61.438510	19.981162	5.066400	0.000000	1	7.618136
2753	1893.115236	1620.682981	1257.818629	61.397590	1.876660	23.868448	0.000000	1	12.084297
3727	1993.704140	1228.672143	1180.103614	61.337350	0.888203	17.477290	0.000000	1	10.456083
8272	1682.130427	1316.938145	1426.725750	61.210210	1.764699	16.165867	0.000000	1	31.075004
979	1732.372728	1245.756222	1190.567832	61.014240	1.250237	18.070694	0.000000	1	15.415271
603	2034.008579	1088.654631	1201.034930	60.843090	1.138767	20.371570	6.320374	1	8.478412
2416	1829.018314	1570.683228	1232.761881	60.797730	0.962937	22.208618	0.000000	1	35.349440
2516	1945.232265	1626.668973	1270.591588	60.757220	2.282743	26.909462	21.937708	1	5.619539
5152	2244.405716	816.490946	1342.467876	60.710390	1.549552	30.032743	3.945130	1	3.433743
1042	1835.962138	1621.916817	1186.980095	60.583950	1.177171	18.796488	0.000000	0	3.965551
1390	1871.601482	1220.747572	1275.610915	60.541230	2.385442	20.020826	0.000000	0	3.677197
1514	1932.793155	1320.169531	1292.476149	60.459510	3.198906	17.449796	20.112924	0	3.798325
139	1877.856922	689.801741	1289.290140	60.450260	1.096724	27.061939	24.265099	1	24.470368
6072	2074.753287	1600.025817	1542.393513	60.361750	1.008440	30.888121	7.252735	0	15.706161
4209	1590.628907	1483.980745	1176.462647	59.985120	1.367725	17.992684	27.520081	1	3.984883
2568	1930.895380	1386.733876	1260.068651	59.555470	1.611638	23.811226	11.873870	0	13.279870
8254	2172.319578	1335.602647	1524.413172	59.550200	2.077321	20.750485	11.960836	0	10.471367
3173	1859.112617	1436.229430	1320.253044	59.522630	1.331640	23.896085	7.831880	0	10.123573
6017	2022.231763	1455.408843	1539.920424	59.434160	1.381243	27.247934	26.412870	0	9.578584
5897	1777.318248	1424.896476	1393.040322	59.430510	1.161400	20.349555	25.363638	0	12.378186
9702	2159.262712	1129.034988	1548.049653	59.232930	2.334260	16.956049	0.000000	1	27.584026
7014	2160.760092	778.130577	1571.832020	59.157580	1.984398	24.819951	6.989459	1	4.226756
8573	2055.975601	1016.743414	1372.098931	59.059740	1.915228	23.428722	4.154995	0	4.402270
2924	2108.266174	845.101974	1265.485556	58.770750	2.325451	20.139760	26.164560	0	17.684964
1071	1933.746707	1417.884873	1198.735322	58.746530	2.441516	22.563307	13.954982	0	9.640536
8819	2007.219461	1064.660000	1320.916718	58.613810	1.332226	26.207413	8.905640	0	5.161901
9241	1818.221405	1285.295065	1440.486542	58.417570	1.900110	21.342768	5.496219	0	28.232968
925	2201.563938	791.354988	1205.213428	58.390150	1.623577	24.861603	10.431583	0	3.059055
3398	1969.920090	1673.575857	1224.400127	58.353230	0.902280	31.069717	5.344729	0	8.952315
8922	1996.214455	1018.333386	1362.574887	58.166350	1.606368	22.236921	0.000000	0	15.716057
5518	1998.736801	741.425823	1455.793447	57.960810	3.030346	23.574451	4.078416	0	2.694469
1177	1982.851317	1116.901254	1204.394261	57.422480	2.693069	17.382280	0.000000	1	5.412489
689	2246.020359	762.976027	1169.080641	57.356640	2.359871	20.017613	0.000000	1	19.322526
990	1853.068594	1369.351944	1189.528095	57.319560	0.761806	25.489821	0.000000	1	33.123006
8598	2090.027875	999.632591	1378.807012	57.304180	1.651565	21.923492	15.212772	1	4.700974
10921	1962.694846	674.969095	1230.583885	57.162090	1.550829	21.019214	0.000000	0	5.312523
2168	2014.379624	1216.996095	1231.961325	57.111270	1.240388	28.213383	2.379309	0	12.953143
2296	1798.123242	1611.445216	1226.486001	56.819500	1.568009	20.333775	19.067052	0	4.613104
7194	1665.096074	1213.630229	1279.668282	56.685620	4.119434	10.754489	0.000000	0	4.585465
6510	1718.059507	895.892507	1449.426507	56.649240	56.649240	2.256832	4648.559232	0	-1.000000
5661	2011.226142	795.112177	1400.339512	56.500000	1.286530	26.870600	24.787157	0	13.126891
3021	1731.596982	1408.392732	1299.710088	56.267820	1.225742	18.996282	0.000000	0	16.375689
5552	2047.163018	790.029076	1524.257351	55.779760	1.421784	27.986589	9.750489	0	8.679943
8905	2103.813750	1136.267811	1385.581017	55.746740	1.577361	20.883128	17.601548	0	13.361888
6313	1793.352085	1365.883373	1476.889209	55.711440	1.992121	19.418382	14.595103	1	3.915575
1094	2048.498599	1861.663407	1197.851820	55.523620	1.220229	28.066142	0.000000	0	5.192344
5666	2082.542866	1695.288252	1462.099208	55.161010	3.271982	12.244058	0.000000	1	8.410499
1509	2166.787048	1444.249034	1310.526916	55.028040	1.565504	23.535781	40.985519	0	4.300182
6959	2001.416637	780.119573	1629.888824	54.945210	1.247397	22.595273	0.000000	1	4.745904
9379	1964.585863	1060.701610	1471.291126	54.845040	2.018353	24.892644	24.249413	1	17.182205
6031	1983.982923	1525.475844	1545.555241	54.700290	1.111331	25.827252	3.101571	0	4.449672
3519	1715.838154	1577.989145	1110.160006	54.647910	1.667187	13.277488	0.000000	1	22.593155
937	2165.434034	1385.250656	1201.122899	54.636390	1.125849	29.626683	14.383522	0	12.598585
3222	2165.402588	1695.076916	1419.368448	54.628160	1.452904	24.730775	0.000000	1	4.524095
8620	2070.661387	1021.879088	1394.380548	54.614170	3.157720	18.836398	7.995078	1	5.053711
3886	2050.118024	657.424370	1158.022683	54.478920	1.385893	16.250899	12.450424	1	7.083946
5381	2055.337720	903.427089	1360.806576	54.466720	1.671586	25.567414	3.197098	0	10.407597
9344	1880.098433	1116.363962	1432.015909	54.457840	1.444599	21.405705	0.000000	1	10.057389
8663	2267.976148	1356.068099	1456.458328	54.285710	1.546734	31.195530	12.320752	1	18.716806
5122	1857.474344	795.826409	1470.112768	54.262920	1.874395	11.921120	31.540247	1	24.197047
3701	1581.422444	1546.596257	1170.676479	54.222450	3.257441	9.691841	117.388999	1	16.587168
6069	1636.525458	1447.533078	1378.197563	54.192180	2.382906	10.968007	0.000000	1	12.526451
4047	2264.461158	1140.295347	1162.658808	54.076320	1.490117	19.572981	7.125993	1	41.061186
4361	1827.293935	1653.249011	1092.104087	54.029110	1.434241	23.271066	12.720047	1	7.282257
10928	1709.087231	808.236744	1227.966634	53.990580	1.667371	15.181745	0.000000	0	9.216387
5082	1655.255687	1043.151327	1353.332112	53.759550	0.907294	25.429768	12.997178	0	40.213780
3009	2188.502560	1568.865331	1389.426088	53.559010	0.738465	35.032955	6.213781	0	20.960375
8246	2120.430526	1208.273392	1498.870162	53.554270	1.391606	21.507825	5.370649	1	10.434915
1003	1970.663388	1734.791817	1175.277756	53.277810	1.079841	22.935834	4.428663	1	2.745486
7192	2165.327766	1406.487636	1384.811731	53.204580	2.396043	14.731457	16.713952	0	15.000860
447	2095.768848	688.584725	1188.612273	53.023910	1.388769	26.386526	0.000000	1	9.526390
1746	2121.121227	1613.802672	1336.357737	52.980430	1.471874	27.078704	18.837822	0	16.833707
5308	1771.511899	915.373863	1302.237513	52.965710	1.253571	26.506859	11.476289	0	5.549388
8191	2089.981803	1281.157498	1476.811563	52.961530	0.918783	28.523897	9.209790	0	10.055732
2830	1745.130708	1132.389895	1234.401995	52.947580	3.229130	16.373441	36.518896	0	3.493937
4487	1633.021219	1270.309382	1179.985719	52.900550	3.386655	11.133004	38.723912	0	27.111711
7348	1641.785915	1092.157874	1315.785404	52.718100	1.569079	19.248146	22.478683	0	3.970743
1547	1980.801136	1363.763055	1327.925083	52.674880	1.089893	27.645347	0.000000	0	2.932429
8592	1908.757834	1290.141976	1346.779834	52.614270	2.570366	18.079103	0.000000	0	3.015549
8274	1790.557055	1366.583291	1499.202139	52.382330	5.569487	15.322734	14.852771	1	3.681595
9094	1867.039280	1046.374960	1382.809468	52.289210	1.550554	21.133351	0.000000	0	4.517669
9684	2108.529729	1229.987557	1517.329186	52.277320	2.128264	17.546943	0.000000	0	10.186104
9086	2061.138244	1068.838928	1431.233620	52.105390	1.210788	32.286578	3.175267	0	17.456449
895	1716.532060	870.891412	1184.918254	51.973570	2.767168	14.031703	0.000000	0	5.247013
6286	1922.770785	1397.491638	1399.261402	51.797170	0.999219	26.985883	10.875930	0	30.209067
6264	2045.232894	1637.398268	1616.693273	51.669320	1.045898	27.915664	0.000000	0	5.749684
10664	1960.179175	1559.888778	1651.794102	51.575860	1.151015	21.621295	0.000000	1	3.450816
2348	1746.709139	1509.721918	1230.144945	51.550780	1.389424	27.367188	10.427633	1	8.601952
4675	2025.031846	835.432915	1157.242038	51.548160	3.161708	10.829789	0.000000	1	9.684177
7004	1669.978885	1217.646857	1266.192199	51.466460	2.038930	16.597945	0.000000	1	5.899562
501	1693.466723	1059.662241	1189.471899	51.306290	2.699996	17.720829	19.204109	1	10.112439
4178	1602.039469	1493.341317	1166.881106	51.249110	1.455112	20.416163	18.837150	1	3.404539
997	1655.853906	1461.310218	1197.418338	51.230000	1.321671	17.139725	0.000000	1	17.555283
4941	1791.493277	941.962779	1268.220533	51.219740	1.045527	25.296549	16.504503	0	19.308183
6984	1738.150204	1338.301876	1343.081653	50.920490	0.993383	20.619003	0.000000	0	18.208287
10838	1616.346749	1079.493588	1303.268470	50.874110	3.285016	17.853836	37.556204	1	5.396228
5999	1977.629314	1595.103007	1504.068959	50.742060	0.730012	29.618236	2.056547	0	9.406781
4344	1783.781435	1665.232524	1154.063560	50.574140	2.118227	16.808141	0.000000	1	9.471417
7213	2064.639436	841.339392	1538.988444	50.438420	0.912789	17.720953	0.000000	1	63.251386
5471	2055.108893	821.590862	1476.304944	50.409710	1.938585	16.676333	0.000000	0	2.996760
6659	2014.175245	793.288684	1637.640022	50.232650	6.268706	11.079654	0.000000	0	4.338856
2435	2118.215871	1439.131736	1270.544781	50.213130	2.501975	20.028184	6.651071	0	7.364705
9638	2206.609287	1140.804186	1538.617266	50.089760	0.997493	31.788123	4.990487	0	13.359926
6368	2025.616187	1629.911162	1645.785082	50.040530	2.798607	17.789369	47.457479	0	5.568434
6969	1840.768484	868.415900	1548.571948	49.851470	3.946960	15.611850	0.000000	1	4.402429
6611	1886.781263	853.145183	1553.557825	49.747000	1.645182	17.524106	0.000000	1	11.679372
3164	1854.549611	1534.092537	1298.328334	49.742380	0.764678	25.671438	0.000000	1	36.211374
5014	1591.317501	998.802634	1299.153818	49.640480	1.059533	18.341252	0.000000	1	15.928449
4292	1941.145331	1709.572390	1130.122968	49.514330	1.024640	27.922194	2.454526	0	4.705317
2332	1689.691916	1252.711384	1214.015691	49.395020	0.528287	21.994754	0.000000	0	33.148440
6100	1715.754357	1391.428962	1406.439338	49.378770	1.089034	27.092684	5.373908	0	7.547905
749	2277.842590	1356.163017	1187.438388	49.355930	1.435535	29.804055	10.091605	0	12.719907
8177	2008.650926	1353.448846	1439.056525	49.279680	1.018329	28.092845	2.410067	0	16.825409
4960	2003.122357	787.708503	1311.738610	49.115880	0.858404	25.867334	0.000000	0	14.199975
7842	2265.902560	1064.574843	1377.777504	49.020220	1.202665	25.036226	10.214826	0	16.844219
3062	1702.719181	1444.782466	1308.680243	49.005600	1.173634	21.694427	10.466506	1	4.694971
2857	1680.654887	1201.891169	1232.592573	49.003990	1.325744	18.512409	0.000000	0	5.618687
858	1765.887963	978.458904	1192.764018	48.802610	1.577064	15.840287	26.887917	1	10.170959
1628	2026.853970	1504.193512	1297.192667	48.757840	1.306969	21.025128	22.996425	0	18.062926
7182	2028.051369	1021.118878	1294.734648	48.642160	2.867384	16.157224	0.000000	0	4.679158
8654	1776.823940	1218.415794	1341.180920	48.610200	0.990389	20.997482	0.000000	0	13.946792
1153	1995.902782	1792.173564	1181.935997	48.466420	1.608759	28.250178	9.480096	0	3.591651
6150	1771.032442	1389.050612	1454.525318	48.423140	1.830829	24.278446	7.467645	0	10.185951
4370	1732.676679	1550.119907	1127.535308	48.250250	1.133759	21.758171	0.000000	1	14.248710
492	1976.510111	1183.067424	1197.283354	48.194360	1.505857	26.330850	0.000000	0	5.747335
1576	1741.314936	920.399978	1255.452012	47.998040	3.574208	13.191382	0.000000	0	3.229279
9148	1650.831215	1245.318954	1340.588578	47.843730	1.394450	21.082274	0.000000	0	17.669306
9341	1913.360242	1007.255499	1436.750830	47.757500	1.040321	23.858184	0.000000	0	43.747908
6055	1578.116383	1384.124179	1334.480905	47.737790	2.891168	14.535966	86.987043	1	8.339772
2878	2230.336280	1024.953551	1277.119380	47.703880	1.068625	28.256704	0.000000	0	8.706000
666	1987.653085	793.391204	1212.597547	47.591480	1.821189	23.726303	0.000000	0	5.265238
5981	1939.793327	1512.222570	1473.667174	47.402320	0.995517	29.899119	5.997391	0	18.991198
5651	2037.190836	815.763622	1415.643311	47.393650	1.144074	24.072269	7.661172	0	11.011173
5535	2073.201183	815.249894	1501.743470	47.359630	1.126700	23.357522	0.000000	0	5.398869
5202	2043.986509	777.490832	1456.754180	47.310450	1.076478	31.677075	8.405259	0	6.543014
5316	2023.876005	810.504526	1345.820352	47.294950	1.403689	24.773091	7.029197	0	8.450850
7798	2106.438218	1094.660910	1304.566886	47.265760	1.355369	21.721090	0.000000	0	2.907853
2843	2006.175789	982.068203	1272.504961	47.197800	2.373785	21.156837	5.642403	0	4.873045
5789	1949.690290	1470.983222	1536.000449	47.144180	1.284059	24.015258	3.857932	0	3.013689
3445	2082.795752	1656.762764	1448.852005	47.068100	1.925216	24.375240	33.205658	1	5.972233
7394	1890.794357	1145.588756	1369.424464	47.051380	1.079941	25.358675	3.276700	0	7.073286
5067	1975.371508	961.625846	1389.974401	47.005240	1.073001	26.513059	5.734120	0	16.191106
6310	1781.874951	1370.974860	1465.474551	47.000560	0.996463	20.990272	0.000000	0	5.602209
5863	1601.796481	1333.240392	1314.411918	46.864390	1.605715	15.579291	14.131012	1	12.627030
1908	2137.171024	887.996787	1220.691380	46.820270	2.071924	26.675476	19.705061	0	4.680963
7354	1911.158623	1041.623777	1388.867069	46.801180	0.763194	27.639271	12.653380	0	20.128296
7899	2141.877165	1012.259180	1519.810895	46.726380	1.097770	33.242064	5.818517	1	13.235793
9511	1904.403642	1649.104559	1671.698404	46.684900	4.717147	10.114405	0.000000	1	3.998044
3179	2109.782787	1456.653286	1385.549754	46.677530	1.743080	19.562736	0.000000	0	10.446950
7267	2041.480459	1593.890617	1666.952829	46.499830	1.232690	23.795436	23.795048	0	23.856693
8835	2080.489816	1052.029369	1328.416280	46.398520	1.181247	23.719005	0.000000	0	5.592191
5023	2042.712092	954.088930	1422.197080	46.374010	1.915302	27.377655	18.227436	0	3.614233
1956	2337.874731	1208.076369	1255.888715	46.164000	2.415979	15.273625	0.000000	1	4.388337
4895	1598.181122	1393.604956	1193.375598	46.115770	1.915138	12.498942	0.000000	1	12.271499
2483	2046.633994	1605.457138	1266.274844	45.966420	1.744430	24.529338	7.240838	0	7.705699
4217	2026.728139	1593.123725	1162.346962	45.763960	2.225528	14.011399	58.276451	1	7.933522
1960	2249.983861	1327.565761	1235.836475	45.681700	2.108063	22.197139	0.000000	0	4.810019
2388	2120.012829	1599.368790	1253.366068	45.662380	2.981526	16.248732	0.000000	0	6.098829
4232	2017.977371	1586.161867	1187.255023	45.646990	0.818924	32.532228	3.103880	0	7.913244
9692	2164.731195	1197.190298	1547.489236	45.563300	0.935592	19.844224	0.000000	0	36.519325
1191	1711.031177	870.090579	1199.001111	45.527500	2.225381	15.831888	0.000000	0	2.436159
5820	1736.924920	1508.593309	1475.259632	45.360530	1.750882	12.369116	0.000000	1	30.760323
3481	2034.505872	1719.670579	1036.463322	45.316590	7.164429	9.806916	56.652476	1	12.652627
9029	2081.259061	1079.430161	1375.898331	45.275020	1.244725	29.515862	2.078021	0	2.819051
5670	1741.405095	1482.155162	1353.394430	45.236150	2.160106	14.420513	0.000000	1	9.607597
27	1818.853627	814.078299	1252.506504	45.216880	1.146698	25.195955	10.021785	0	2.312736
1642	2232.034416	1319.075111	1329.862506	45.175880	1.452989	20.522883	12.363207	0	6.293782
6498	1960.470101	796.458977	1561.126184	45.110950	1.373206	24.368117	0.000000	1	14.575933
3604	1647.988276	1475.985712	1172.950488	44.997680	2.058493	11.996043	0.000000	1	15.198458
5525	1785.559628	957.845785	1407.028961	44.953820	0.969741	18.918059	7.891990	0	2.830283
5883	1614.542651	1392.140298	1335.472530	44.921860	2.306234	13.799315	101.674883	0	11.032899
800	2296.946211	1471.671233	1201.937596	44.898220	2.339083	18.183667	0.000000	1	6.012258
798	2307.605628	1388.057831	1205.023705	44.647090	1.731525	25.286530	19.828956	1	22.563640
6963	1852.269311	880.334743	1556.859612	44.614630	3.459546	7.709708	116.601068	1	24.792192
9266	1920.636021	1078.596522	1473.606919	44.521520	1.603031	12.513230	0.000000	1	13.228662
2861	1655.465732	977.601658	1236.712754	44.486290	2.170654	13.836249	60.517701	0	5.157050
7455	2077.801245	1517.138380	1674.074568	44.309910	1.748934	23.922553	3.902957	1	8.692341
8244	2154.464819	1123.919396	1522.316819	44.295950	1.445471	21.674503	0.000000	1	14.899447
3299	2264.459112	966.248316	1288.826619	44.205720	2.425592	23.654362	8.074443	0	4.348736
3449	1685.381225	1436.842323	1329.410716	44.163160	2.196038	15.625353	0.000000	0	2.048546
5641	1761.179108	969.871978	1333.582641	44.110950	1.028765	21.560939	15.993170	0	9.588614
6410	1696.529122	1342.917008	1437.192948	44.071220	1.874417	22.003815	0.000000	0	18.487216
778	1782.611276	1182.127366	1210.495565	44.063000	1.004774	21.556970	5.334002	0	17.602832
1253	1696.314771	1427.943665	1325.059860	43.901340	2.024627	18.518074	0.000000	0	2.036401
3043	2044.021794	1636.511515	1380.490259	43.874950	1.839608	18.488064	0.000000	0	2.978412
975	1900.557649	1196.316387	1191.038057	43.775070	1.471028	25.837868	15.488747	0	13.845574
5985	1739.129361	1479.989275	1403.798236	43.740460	1.236876	21.880523	0.000000	1	8.856574
4035	2066.436980	908.196262	1180.312686	43.619090	1.897781	26.885504	2.749551	1	3.843700
10628	1736.488778	1322.599746	1517.536922	43.529520	41.161635	3.158218	0.000000	1	-1.000000
2771	1981.420312	870.889389	1249.730927	43.452900	2.405750	25.708766	6.289304	0	2.358696
502	1761.970758	1695.902064	1178.520706	43.385980	1.901818	23.726456	4.000531	1	11.000199
2234	2072.902112	1442.850586	1222.178916	43.360310	2.233125	22.432943	0.000000	0	4.076590
8222	1841.191207	1057.498155	1399.872290	43.317300	1.472498	21.871595	30.642641	0	10.725841
2231	2203.780860	1458.004822	1228.974570	43.298560	1.501859	29.529298	6.225557	0	14.665419
1660	1917.059768	1355.635088	1299.078929	43.295460	1.437940	20.397121	6.296652	0	13.524168
3959	2076.014543	631.958084	1163.662655	43.191280	1.665517	18.328164	0.000000	0	12.685126
6220	1718.687225	1349.748677	1361.741819	43.186160	0.893082	22.364462	4.776843	0	13.808722
8208	2123.534635	1116.392995	1494.756578	43.034620	0.675456	30.410245	3.800026	0	5.318406
7059	1997.537104	992.249662	1297.581434	43.007610	1.294106	24.597486	0.000000	0	3.087565
951	2111.649963	1554.888544	1174.507472	42.991540	1.621625	17.220416	0.000000	1	11.445165
6758	1634.811107	935.288115	1455.473821	42.921490	4.383414	9.186798	0.000000	1	6.053766
2013	1954.376829	870.194079	1236.522103	42.861780	2.030579	25.446017	25.944592	1	2.326609
9006	1832.137469	1070.841127	1292.313622	42.835840	2.670611	18.025019	18.248160	0	9.517915
2262	2145.265599	963.394452	1235.872563	42.824970	1.625401	25.365863	0.000000	0	14.412861
924	2217.910097	788.610578	1216.690056	42.801060	1.499188	21.013672	0.000000	0	2.425988
7373	2231.712801	1277.905545	1488.123070	42.669740	1.457553	25.786646	0.000000	0	10.514948
5601	1988.940960	765.003688	1495.973880	42.626700	2.641312	15.102895	0.000000	0	6.236863
1345	2166.721833	1646.446088	1326.030397	42.625840	1.182273	38.403417	16.981623	1	12.141328
5937	1623.336252	1362.698621	1323.848905	42.596870	2.317474	14.458995	0.000000	0	2.419280
3246	1816.104765	1453.413996	1354.354982	42.551410	1.292230	20.666924	0.000000	0	4.233874
299	1870.807409	757.930995	1312.639488	42.439810	1.636419	17.464784	0.000000	1	13.445913
5315	1912.523040	853.579182	1321.494963	42.374520	1.446869	19.714679	0.000000	0	9.472564
672	2079.441617	1842.735686	1211.224554	42.337510	1.550161	26.850511	2.760315	0	4.236566
8865	2189.994867	1163.242712	1369.107533	42.224010	1.595081	23.078977	4.346770	0	6.292135
5624	2099.051002	898.005878	1424.393633	42.182800	1.107473	27.910053	2.457731	0	8.968357
4062	1790.189591	1495.513968	1173.612458	42.039800	3.467570	18.236472	0.000000	1	5.765969
8614	1849.998588	1271.873206	1345.720214	41.883160	1.206838	19.224576	0.000000	0	19.318903
10128	2029.650989	899.535256	1592.702142	41.799240	1.638331	14.424717	0.000000	1	18.425158
9483	1740.893458	1542.032271	1549.733271	41.769730	14.117104	5.417208	0.000000	1	-1.000000
6277	1847.181898	1364.392355	1418.457653	41.707910	1.119673	27.075607	8.076123	0	16.539398
5667	1975.890493	1588.608942	1437.083136	41.594660	1.283078	19.960476	6.718984	0	4.334373
1935	1662.213311	953.659903	1207.406036	41.577520	1.168003	20.319935	0.000000	0	14.673002
3332	1874.162861	1338.954768	1305.796291	41.565670	1.520502	19.022180	0.000000	0	3.410474
9097	2121.160687	1103.961205	1475.823100	41.442430	0.874176	28.504683	9.228426	0	5.121635
5633	1585.584677	982.892558	1286.281719	41.283770	2.443599	15.097839	0.000000	1	4.733476
8253	2225.907340	1342.154449	1536.217426	41.070790	2.094431	22.933056	4.430273	1	7.115932
9688	1998.722526	1092.276821	1484.686332	41.006640	2.535764	21.449087	5.414893	1	11.121325
1867	1944.056220	858.188900	1212.732411	40.928180	1.887369	22.768500	36.216210	0	2.248699
2329	1930.503734	1257.582208	1242.061441	40.899320	1.590855	17.347518	0.000000	0	1.963521
3962	2013.937827	788.587059	1163.457725	40.772040	2.038018	19.671426	21.058626	0	12.289960
7462	1971.951339	1480.043633	1627.461138	40.706670	2.742695	16.036699	12.956012	1	8.755015
7948	1983.769132	1075.224234	1446.265611	40.699650	2.081500	20.673993	18.141136	1	4.976305
2925	1972.994244	792.118834	1252.991538	40.599010	0.694623	26.513170	2.867024	0	15.822752
2817	1983.346425	898.080914	1252.864546	40.589730	1.481893	25.867726	9.261105	0	3.574500
2278	2084.257756	1313.132842	1237.298019	40.544700	0.774039	28.743609	9.000205	0	15.324956
1651	2267.097211	1578.118714	1341.868089	40.519090	3.284558	16.036530	12.956423	1	13.484952
3410	2079.915062	1652.027579	1244.451380	40.501800	1.132887	24.182814	11.334883	0	10.699556
4119	1992.448306	1746.947046	1166.793998	40.494110	1.634197	24.042816	38.446811	0	6.956391
486	1802.675143	1268.161273	1203.732491	40.477660	3.238923	14.330045	0.000000	0	3.762522
10869	1629.609528	1195.194694	1314.589960	40.468220	1.838095	18.522918	16.815820	0	13.890884
3315	2015.789302	1040.013101	1290.173905	40.458540	1.749654	16.632060	0.000000	0	2.058201
5222	2253.468507	885.353507	1543.936507	40.365970	40.365974	3.529104	2431.381498	0	-1.000000
3091	1658.486858	1229.239751	1265.588452	40.184250	2.207096	18.084739	9.033990	1	2.333459
1298	1912.400510	1596.252730	1270.230744	40.160240	1.732570	23.174362	0.000000	1	7.904354
6255	1582.809119	1013.708185	1356.096697	40.112330	3.327296	12.528007	108.700192	1	4.670015
5955	1622.159013	1379.624385	1340.836914	39.722300	2.588087	15.073294	15.602415	1	2.256019
2645	2057.460857	1486.070674	1269.989891	39.661350	1.948757	24.402472	18.385897	0	3.467201
5701	1648.385523	1371.622176	1320.125513	39.628910	1.421429	19.134159	0.000000	0	4.701107
721	2064.868630	1701.695169	1209.317907	39.622050	1.649214	27.143226	8.015916	1	3.026679
10040	2184.776475	1106.981648	1569.597380	39.335870	5.152922	12.429963	27.823183	1	2.797506
538	1998.189024	826.325953	1185.800695	39.302170	2.340480	19.386489	7.333627	0	2.850746
9581	1983.711126	1374.708064	1568.565967	39.184710	1.131281	21.050282	0.000000	0	14.274616
5346	1894.301996	972.354158	1335.806967	38.950890	0.785111	27.755265	0.000000	0	12.273979
1864	1729.738107	932.451095	1201.457559	38.767870	1.405681	19.839277	0.000000	0	9.247105
8119	2060.543382	1354.261567	1615.007007	38.695400	3.734105	14.602640	0.000000	1	3.034195
131	2031.341187	590.339822	1241.200132	38.660260	2.132542	17.515028	29.833557	1	12.151274
4342	1861.340243	1655.775661	1133.842088	38.639620	1.374510	20.069119	6.610456	1	18.524914
5173	1729.883509	938.097178	1274.468995	38.567770	1.360016	18.160523	0.000000	1	6.586775
5271	1659.070528	933.477729	1294.697845	38.537660	2.655188	13.287489	0.000000	1	3.602530
1421	1806.572780	1059.410672	1258.965339	38.536790	1.390642	22.932382	4.430664	0	2.509453
9218	2203.853055	1384.754881	1601.242613	38.451300	1.493993	23.912156	0.000000	0	7.986329
2689	2070.177203	1448.436015	1277.092732	38.407820	2.351330	20.283462	0.000000	0	4.779869
2427	1845.716287	1806.734082	1240.206879	38.335360	2.424425	16.320365	0.000000	1	2.468892
5103	2181.587420	831.576937	1532.353488	38.308990	1.713277	23.394778	20.865534	1	10.614124
7590	1620.668287	1014.715977	1380.238145	38.227820	18.751258	3.685870	1067.078192	1	3.077360
5461	2047.322348	907.848856	1466.228874	38.193930	1.695300	28.488642	18.488048	0	2.909472
4101	1724.615163	1143.363299	1179.978305	38.167380	3.902867	13.994430	38.992460	1	7.906676
1856	1892.282722	1759.936415	1237.185780	38.152710	1.485424	25.316860	3.292962	1	27.633441
5203	1901.957153	853.636934	1399.043140	38.105710	0.552828	30.089983	3.922658	1	14.935584
6230	2173.560230	1448.409216	1457.970670	38.062580	2.388930	17.230997	0.000000	1	2.741718
1442	2326.776626	1256.522596	1358.044996	37.966100	5.311268	13.073975	0.000000	1	10.855783
7084	1661.256914	1328.380184	1414.418218	37.903490	1.620079	15.574502	0.000000	1	7.697310
10854	1651.708423	1099.102284	1309.308041	37.813470	2.838328	14.347889	36.181144	0	2.465592
1453	2124.840975	1276.707944	1330.418386	37.769750	1.186921	23.386274	16.710645	0	8.345527
47	1951.261289	553.977386	1283.445552	37.746440	0.687014	23.803474	11.885475	0	23.332153
7438	2152.224772	954.209140	1452.552771	37.670770	2.563779	18.212778	0.000000	0	3.855410
9080	1739.537614	1265.797360	1299.110755	37.652310	1.884367	15.916625	0.000000	0	3.040282
7039	2043.467803	966.101571	1359.456691	37.646950	2.856608	17.207550	31.461572	0	7.739790
5738	1939.412270	1428.647950	1399.863016	37.589280	1.151493	22.701818	0.000000	0	2.684417
452	1867.262242	995.126817	1185.588949	37.571220	1.705463	16.852393	22.328603	0	15.379435
4290	1663.412921	1521.539057	1155.857820	37.544600	0.906124	23.283287	0.000000	0	23.964170
5022	2031.722143	918.321244	1415.428748	37.538850	2.179186	15.440936	0.000000	0	2.925650
3764	1654.212971	1019.076095	1165.765648	37.519990	13.232004	4.133731	756.466396	0	-1.000000
9452	2144.530507	1264.664507	1670.895507	37.435470	37.435470	3.102712	1788.923430	0	-1.000000
9342	1615.376285	1105.099219	1331.588070	37.433070	3.227214	12.657089	0.000000	0	9.833395
6285	1691.849993	1340.288955	1335.709635	37.347360	1.259311	18.671058	0.000000	0	1.697654
7820	2202.976228	1155.904177	1344.618918	37.318050	0.945746	22.189509	9.781450	0	15.656832
2297	1923.230865	1701.146842	1228.746075	37.249790	0.978691	29.787180	12.130519	1	16.367887
884	1613.084113	878.354733	1191.153063	37.248580	0.764705	20.175180	0.000000	1	9.122248
3894	1895.224503	893.294453	1179.296929	37.220090	0.900992	19.801353	0.000000	1	23.874005
10792	1662.457780	1106.256819	1307.719907	37.196150	1.145038	19.427597	0.000000	1	2.425340
2681	1941.739583	1302.980117	1255.863677	37.187430	2.356697	20.089628	13.180462	1	4.968058
771	2329.828125	1170.460624	1196.097340	37.136830	3.364258	18.129147	0.000000	1	8.430164
10535	2028.386139	1412.845623	1677.262188	37.058610	9.229814	8.167588	98.069699	1	3.328565
1487	2021.302814	802.485267	1294.828303	36.967850	1.058013	21.709670	10.444475	1	10.687838
939	2175.537356	1332.885574	1207.511810	36.952710	1.452288	22.589143	27.814310	0	12.301372
3967	1697.982306	1000.518832	1179.985318	36.851690	4.175727	11.041540	79.388453	1	2.774718
4110	1827.970143	1324.812296	1179.103579	36.845380	1.747336	20.432013	12.528896	1	12.728167
3446	2075.221074	1710.406353	1420.184987	36.821280	13.593581	5.199208	380.193526	1	-1.000000
7813	1672.011822	1179.788599	1257.800516	36.711380	1.702108	18.730998	24.392416	0	3.525212
1459	2195.319117	1232.229022	1345.080540	36.618270	2.008129	23.841499	0.000000	0	2.010643
5522	1759.644071	916.106180	1389.561986	36.581650	0.951015	26.779957	16.693137	1	25.011441
1634	1962.565571	1324.286470	1276.688464	36.558080	1.172074	16.712732	0.000000	1	2.296735
40	1957.205148	521.253875	1284.918555	36.538380	1.830423	22.482478	0.000000	0	4.858368
5517	2001.024547	733.520679	1466.759998	36.535700	3.952232	7.402066	131.752084	0	1.698463
109	1898.386980	766.292618	1292.040364	36.526140	2.196559	17.591168	9.815948	1	3.091571
3234	1593.567497	1380.955579	1291.293133	36.482410	2.788281	14.713907	16.773831	1	4.330880
7625	1833.709713	1330.845977	1495.306273	36.479790	2.198021	21.017772	0.000000	1	2.670063
2023	1965.082535	1121.829891	1237.167014	36.399670	1.643733	20.086917	26.371598	0	1.820949
1684	1969.189081	1700.400337	1260.081767	36.376580	1.235725	25.805005	0.000000	0	10.501700
914	1863.936129	915.956708	1195.626601	36.343850	1.162522	21.812433	15.446327	0	14.410639
982	1666.569684	1240.219630	1193.521355	36.336590	1.216602	17.913291	0.000000	1	5.075957
10441	1913.430043	923.414099	1575.647305	36.316550	12.037631	10.639089	44.371386	1	4.204148
2570	2124.743289	1583.398644	1259.605546	36.232070	1.990630	15.053381	46.993237	1	4.839282
733	1837.384345	1296.739180	1203.010629	36.197000	1.560914	24.180343	0.000000	0	3.814173
9434	2070.930779	1339.239381	1551.481385	36.174290	1.278332	33.411966	2.865103	1	6.669221
752	1943.279712	1143.091796	1193.343999	36.153200	2.887156	16.501034	59.463826	1	2.765782
3262	1806.703357	1016.866655	1235.341641	36.120700	1.643214	18.065663	27.187910	0	9.142206
10389	2003.744154	888.407589	1619.769749	36.097250	3.852298	9.377987	0.000000	1	14.368478
8002	1815.263243	1124.068447	1337.321665	35.991800	0.944818	20.197460	0.000000	0	9.611729
1815	1785.418647	1645.123808	1206.722222	35.943740	1.513410	24.923371	3.451405	1	8.233318
1504	2246.567161	1304.520426	1304.298890	35.917710	1.341613	30.544303	5.625316	1	5.003958
7234	2005.332034	967.714192	1312.945811	35.916690	2.341785	16.029852	0.000000	1	4.006361
5108	1749.772164	992.615326	1388.834089	35.846200	0.776458	20.883593	0.000000	1	17.830984
10801	1822.070723	1039.903313	1379.062470	35.731820	1.348267	18.501253	0.000000	0	4.837055
9051	2036.982521	1179.687748	1333.245985	35.661630	1.912087	23.024419	13.133230	0	11.238457
2444	2015.695342	1483.003971	1270.573580	35.642010	1.563500	17.312916	0.000000	0	5.666383
5367	1907.456418	827.792568	1320.621209	35.520110	1.015771	24.994104	3.422186	0	9.787222
901	2198.947703	798.790687	1180.878729	35.508890	1.374565	23.763277	3.981964	0	1.860308
4128	1942.940078	1120.036077	1179.161609	35.392960	2.686406	18.720265	0.000000	1	5.556177
1169	1877.186827	1584.435202	1212.095814	35.377650	0.790841	23.445014	8.292678	1	19.349621
1619	1938.530621	1313.554035	1280.709448	35.372140	2.344081	16.249098	49.818254	1	2.700024
1958	2139.697819	1237.529413	1241.859223	35.370180	1.775257	25.982796	0.000000	0	1.673724
7993	2009.901807	1078.159075	1362.433059	35.308750	1.471490	22.882561	13.379000	0	5.434728
933	2282.762476	1303.984719	1197.652123	35.274240	0.994068	27.824761	7.441204	0	7.269634
3329	1986.647326	1323.223360	1329.883719	35.212430	1.683275	21.799412	25.790037	0	9.106516
2643	1984.483040	1443.899348	1266.045935	35.182150	1.465542	26.455462	14.429133	0	12.996233
4544	1894.587911	1625.977928	1109.022550	35.181980	2.675627	14.399787	0.000000	1	13.206008
8128	1988.310439	1253.627779	1580.762799	35.172900	7.083133	7.713708	0.000000	1	3.381100
5377	2177.840100	754.746838	1377.488246	35.162720	1.696119	24.874413	3.471825	1	8.196063
10815	1734.283511	1281.580033	1347.694740	35.151060	1.013708	27.010890	0.000000	0	4.562280
1065	1907.083737	1306.873679	1199.140527	35.090050	1.170193	29.300732	23.365418	0	14.811388
5150	2165.295734	782.474097	1316.296571	35.085150	1.470839	27.766475	0.000000	0	6.583229
7095	2004.788639	1597.872463	1645.883569	34.978200	1.566044	21.812286	5.148880	0	1.623331
7024	1612.808006	1064.429041	1320.041868	34.953360	1.777256	18.216890	8.838805	1	3.546242
796	2242.756591	1340.901730	1200.903379	34.953100	1.754860	27.640104	2.530447	1	6.426872
7887	1754.666507	1040.372507	1480.869507	34.912830	34.912826	2.649520	2872.862559	0	-1.000000
6024	1984.378431	1506.125463	1528.057052	34.899980	1.431710	24.744148	7.053892	0	2.838988
5459	1980.684928	907.230297	1460.597011	34.880680	1.676541	26.831286	19.363769	0	6.484900
3887	1587.294452	958.665006	1179.871695	34.835590	1.995286	15.201602	0.000000	1	9.267625
8061	2079.882144	1331.510913	1609.704300	34.689830	5.045581	14.388672	0.000000	1	2.435350
497	2041.832556	843.455345	1178.445056	34.653450	1.646669	23.657530	20.178000	0	8.189858
10298	1569.221072	1379.448379	1423.610221	34.642450	0.949303	13.487213	0.000000	0	55.220594
9181	1672.603083	1274.659355	1378.276912	34.631450	3.275576	12.134589	89.714438	0	2.007115
3015	1687.644539	1433.107389	1283.101567	34.594620	1.491824	21.047371	17.192697	0	6.222062
5872	1992.949346	1562.719492	1451.465511	34.583820	1.711237	21.798405	15.476166	0	5.632685
5242	1610.640793	1064.558645	1275.373330	34.573660	2.916145	8.620629	83.406414	0	8.099518
1420	1930.959906	1279.576022	1309.195520	34.502270	2.066064	20.110409	6.569822	0	3.944331
7407	2260.863038	1130.509627	1482.389617	34.366680	1.301777	29.724158	8.138561	0	7.917951
2100	1954.437339	1063.002207	1212.544851	34.315970	1.606627	21.705684	0.000000	0	3.465489
10009	1786.814679	1546.794307	1544.993343	34.219580	1.249310	25.322128	13.163631	1	15.890254
2612	2210.511520	1445.737927	1272.894567	34.197140	2.415503	15.462978	0.000000	1	3.236337
7794	1776.844404	1106.426790	1277.239266	34.154490	2.311141	19.197407	15.104926	0	2.543238
6436	1887.020338	1618.119106	1576.044631	34.102420	4.665209	10.131167	0.000000	1	6.971523
5887	1859.167874	1492.042645	1423.120343	34.082770	0.956280	31.326959	13.904378	0	6.377984
3159	2023.943754	1517.596059	1351.706070	33.849080	1.627699	28.017841	19.435795	0	12.319633
1951	2170.159711	1103.376200	1232.433305	33.764910	1.170497	24.180390	18.897154	0	15.266165
1020	2009.960974	1079.510665	1191.220979	33.726150	1.794188	23.162695	21.499039	1	3.968701
7191	2158.911990	1393.346025	1384.699487	33.713820	1.722668	21.409600	10.889818	1	9.505503
7052	2336.779926	1034.727921	1328.000184	33.644570	5.250747	10.081170	0.000000	1	11.300437
229	1677.628224	897.619852	1274.458563	33.633020	0.740583	22.019692	0.000000	1	33.873837
2021	1867.154709	1096.256735	1236.518606	33.624730	1.369535	23.255096	12.746270	0	5.196512
2004	2045.379441	1456.732505	1235.334690	33.614200	1.700124	17.880457	18.694352	0	4.341577
4945	2095.648481	906.347185	1311.574694	33.603200	1.922854	20.126204	13.108731	0	6.056432
9935	1823.409586	1515.350571	1566.528363	33.581090	1.534556	19.300090	22.297674	0	9.328992
7777	2285.894574	922.386335	1357.151237	33.578910	2.077984	24.834351	0.000000	1	3.659811
7027	1804.019200	1030.780122	1384.950791	33.535140	1.722688	16.566204	0.000000	1	10.738455
1356	1662.160912	1440.565480	1255.227635	33.514110	1.009169	18.147077	0.000000	1	7.355327
7999	1670.073527	1134.852854	1267.006211	33.484840	1.437845	18.647000	16.482359	0	2.179186
5603	1949.882449	882.888359	1492.736432	33.453690	1.246939	24.255998	18.720992	0	13.963063
3736	1809.227473	1221.869767	1188.950370	33.438260	1.186708	18.572478	0.000000	0	13.260057
2630	1831.528443	1813.716984	1249.304044	33.327630	10.066205	6.232208	441.489508	0	2.146382
3256	2060.699553	1003.987584	1257.063631	33.323920	1.473764	27.760257	7.493196	0	1.984596
6658	2066.752272	753.081495	1653.875516	33.313960	1.021016	25.521221	0.000000	1	13.115388
3897	1688.682837	1011.200132	1173.384828	33.250580	2.652627	10.423140	0.000000	1	2.503575
9413	2192.817884	1323.012044	1573.106232	33.245590	1.986883	21.552342	21.349755	1	14.728045
6034	2219.494048	1485.938695	1545.221526	33.227440	1.013164	29.804584	0.000000	1	5.339854
3963	2143.468940	738.317293	1153.451030	33.137200	2.089873	16.321034	0.000000	1	8.869259
2647	2030.853321	1477.396800	1273.336498	33.132890	2.015874	18.212758	0.000000	1	4.166720
9694	2235.199739	1309.108940	1583.542769	33.126770	2.827521	16.218175	12.525940	1	5.105685
2954	2093.081221	1461.089994	1337.447587	33.113590	2.672840	16.523575	0.000000	0	4.747026
3252	2132.969231	1697.304735	1418.934399	33.076860	1.854362	28.655008	0.000000	1	2.627711
1630	1686.749671	1256.029082	1258.331285	33.072530	0.710124	23.263060	8.488790	0	17.258549
1561	1780.804593	914.483145	1248.565476	33.059420	1.644325	22.546458	18.648389	0	5.316186
863	2239.404901	763.957669	1197.054974	33.007260	1.591248	20.705407	0.000000	1	7.692022
7866	1654.509062	1134.080244	1260.642702	32.987000	1.820976	14.539389	0.000000	1	2.146786
7276	2184.064032	1420.299705	1620.025087	32.904750	1.701793	26.949558	5.459984	0	5.808622
2639	2327.666727	1269.896782	1294.367048	32.888180	3.456598	19.090373	38.401045	1	6.663667
1266	2075.840529	1678.458277	1434.274564	32.860950	2.214012	17.336838	20.508628	1	4.169560
513	2225.745929	956.747517	1171.723616	32.539300	0.883917	21.946423	20.220183	1	18.710860
5600	1976.467639	742.648013	1483.853486	32.529990	3.458090	18.528354	16.801025	1	2.455945
5545	1926.431246	929.877789	1479.917767	32.526970	1.175408	31.023219	1.789599	0	3.345729
3413	2031.437011	1675.364385	1226.124896	32.502420	0.886362	22.106610	9.891902	0	11.202175
1789	2128.099449	1394.530714	1280.363944	32.448840	2.039953	26.992177	10.868323	0	8.276608
6954	2093.713284	740.659015	1681.178848	32.446500	1.436684	25.731835	0.000000	1	17.063788
4949	1831.303878	988.070275	1273.903793	32.401910	1.171811	25.004555	0.000000	0	4.019467
2583	1913.431677	1337.027144	1249.091482	32.391460	1.903523	15.716460	0.000000	0	2.168582
2684	2200.493789	1355.289533	1294.633088	32.371030	2.837445	17.969039	27.628864	0	2.812138
2733	1904.836547	1275.821943	1254.187143	32.343770	1.671075	21.364272	16.438919	0	2.909474
5994	1666.468007	1374.335632	1376.779799	32.271710	1.356342	23.288517	4.230491	0	7.129079
10804	2293.764511	1167.753696	1491.164876	32.231670	2.149174	19.140047	0.000000	1	6.223910
5541	1969.239787	769.041322	1476.818620	32.202310	2.353636	19.760079	20.776459	0	2.572095
2460	1938.406861	1246.454807	1263.944867	32.174290	1.942423	18.054233	36.319442	0	6.299518
7828	1651.018478	1097.322021	1247.456143	32.167180	1.187541	24.181373	3.778970	0	4.428528
6058	1621.624317	1326.189414	1356.923296	31.999630	1.269882	17.268936	0.000000	0	2.840436
10640	1896.365861	1466.734666	1614.382831	31.893560	2.060433	17.625506	9.758691	1	4.811730
5909	2168.743028	1627.886889	1483.995293	31.869590	1.064926	28.464809	2.316816	1	15.580802
2053	2135.009052	1296.093489	1257.014333	31.818960	2.096430	17.269245	0.000000	0	8.204584
2281	1928.519625	1337.201474	1238.886991	31.700920	2.004294	19.597455	0.000000	0	2.092713
804	1771.436826	1060.327867	1183.517603	31.692560	1.122252	22.754532	18.141473	1	20.179521
3902	1777.378475	1006.966244	1175.351872	31.667790	2.895642	12.972937	0.000000	1	3.372170
171	1801.156131	806.956789	1220.461546	31.659830	0.640644	31.454046	0.000000	1	1.619325
598	2087.775904	1316.748217	1194.053310	31.650150	1.194212	25.897580	0.000000	1	14.682912
5270	1670.815839	925.794589	1305.624425	31.599530	2.001006	11.733764	0.000000	1	3.133225
2128	1945.997762	1400.365503	1212.164032	31.551620	3.088625	14.500343	17.525945	0	2.658706
4233	1808.902280	1523.430349	1193.858929	31.467090	1.468447	21.583479	0.000000	1	1.468782
3235	2159.746042	1686.225859	1428.282002	31.444850	2.523976	17.339540	0.000000	1	2.604142
7268	2015.851506	1594.480721	1665.110001	31.399530	1.323252	19.976941	0.000000	1	2.332398
1527	2226.162086	1484.583491	1337.316497	31.264880	0.840057	29.744922	0.000000	1	17.056971
3231	2211.047959	1618.110455	1425.768068	31.187290	1.405820	23.807216	0.000000	1	10.630301
6199	2043.541499	1605.391274	1613.977642	31.161320	0.658082	29.077735	0.000000	1	6.259155
5491	1802.441398	873.415410	1406.502454	31.154060	1.600644	21.953843	30.299529	0	3.028284
4039	1639.299165	1082.476471	1182.087096	31.125230	2.140301	10.293093	0.000000	0	10.034243
7080	1800.593979	1072.567920	1271.842345	31.031810	2.394941	18.088578	0.000000	0	1.775902
1605	2217.300771	1320.961206	1301.137714	30.964270	2.323382	18.307943	0.000000	0	10.248246
3142	2182.604932	1458.926541	1361.626238	30.930950	1.483485	28.662888	15.883803	0	9.247373
9667	1865.421873	1095.496700	1431.112140	30.927380	1.778496	17.311204	10.299935	1	6.159884
3272	2246.018317	839.239878	1266.592718	30.888360	0.974428	28.659761	4.539715	1	3.822466
6078	2006.181932	1503.511696	1511.569601	30.846810	0.957283	27.845624	19.798643	1	13.962067
5426	1916.878560	973.367083	1421.053264	30.846330	2.134200	15.938227	0.000000	0	3.369137
10041	1761.637023	1153.949723	1406.908768	30.802310	8.875679	5.217406	0.000000	1	5.966593
1608	2305.111314	1350.654028	1319.080833	30.767070	1.435995	27.215359	0.000000	1	9.808501
3738	1677.265057	769.970074	1161.094142	30.761800	11.269721	5.566256	0.000000	1	5.701569
1111	1817.193745	1638.963598	1192.162432	30.754340	1.391831	21.987244	0.000000	1	2.192490
469	1918.629438	623.181367	1183.123863	30.752890	1.005144	20.964493	0.000000	1	7.490339
8152	2217.768899	1217.835863	1503.447710	30.665910	0.956556	26.635343	0.000000	1	14.517479
9439	1686.806772	1285.690740	1401.248505	30.598760	1.737639	13.333846	0.000000	0	5.556420
4801	1835.834724	686.693638	1154.692337	30.588420	2.698452	8.379526	90.815059	1	21.681298
9122	2056.842209	992.545611	1474.211272	30.475100	1.262007	23.346902	8.397665	1	4.259572
4281	1673.329298	1552.307240	1156.554014	30.402120	1.285000	23.097704	13.008617	1	16.776169
716	2151.949192	1576.676850	1193.148928	30.302880	1.637594	19.768860	0.000000	0	1.893906
2581	1990.995110	1278.304132	1260.293020	30.274960	0.662435	32.938967	0.000000	0	35.563895
63	1633.206042	858.172250	1226.960129	30.251820	0.596721	25.032033	0.000000	0	15.554843
7436	1887.628397	1266.591175	1387.624647	30.249210	0.827804	29.767611	2.025743	0	5.648076
7195	2221.600724	1273.410962	1377.462008	30.213830	1.639681	22.876225	4.463373	0	5.444485
7867	1945.780588	1110.136290	1313.574841	30.153440	0.973378	31.488746	11.979763	0	16.374623
10858	2014.720540	1266.123514	1407.905160	30.114610	2.379059	19.522181	35.908833	0	4.351178
8650	1922.763768	1181.934377	1360.787370	30.020160	0.682395	27.692741	5.032091	0	23.182076
9685	1991.781899	1013.005336	1479.939648	29.994320	2.821438	15.883440	26.669362	0	9.445318
1409	2179.370861	1296.780780	1326.788452	29.977060	2.112118	18.160752	26.763078	0	6.267917
619	2070.900095	1563.373400	1203.938720	29.947470	2.468377	18.692345	24.544046	0	3.497416
2839	1676.558546	988.854984	1235.186050	29.935790	1.645889	13.946708	0.000000	0	4.442731
5510	2039.282251	807.011042	1476.106864	29.892790	1.394862	21.432487	27.137423	0	3.266666
7159	2023.088710	1104.859230	1274.772733	29.845180	2.963938	13.918648	0.000000	0	2.669593
9532	2076.362197	1320.920414	1599.002195	29.835220	4.130517	11.703055	66.672775	0	2.973841
2347	2175.131069	1719.871333	1260.767606	29.809850	1.170179	32.202294	0.000000	1	10.777952
4522	1991.607673	1667.477313	1072.463437	29.777060	3.227461	9.756682	0.000000	1	9.774235
684	1617.581065	996.972885	1200.096461	29.749610	1.229707	15.592996	14.093783	1	8.531231
1482	1947.584283	827.706898	1284.383170	29.723670	1.603607	25.951947	3.057077	0	3.380283
9748	1585.551907	1030.887188	1349.987815	29.699170	2.582390	10.821185	0.000000	1	5.351071
2024	2275.044096	1111.721912	1247.593888	29.611090	0.855027	35.765558	2.335884	0	9.772991
8933	1904.709686	1258.287043	1357.043839	29.600720	0.945219	27.621583	0.000000	0	4.891012
2883	2229.579581	1088.895775	1293.714540	29.574450	1.019338	26.849332	19.324750	0	9.369349
5780	1806.890263	1391.626454	1416.460282	29.546260	1.082960	23.010119	13.157730	0	5.427680
5422	2017.099057	762.338381	1443.874528	29.416980	2.072663	19.990588	26.754667	0	4.068356
1737	1763.114859	1499.151313	1276.337737	29.302830	1.107418	20.656503	0.000000	1	4.844278
8188	2078.990699	1260.987222	1468.587719	29.232580	1.085178	21.351779	16.467791	0	8.335165
2697	2079.249628	1595.248553	1279.509888	29.186070	1.346160	15.412357	43.785503	0	19.164862
9528	2081.170807	1348.496360	1584.444986	29.145570	2.008793	23.628459	8.101027	0	2.046123
5238	2073.167642	691.683681	1352.335477	29.120240	0.922874	27.160656	2.666831	0	3.438294
5559	1785.887417	858.116708	1427.143331	29.093440	1.044823	24.146349	11.386313	0	11.402102
2567	2217.291979	1436.184966	1261.284853	29.080510	1.761668	19.495913	7.210835	0	9.452265
3988	1915.553441	1284.852185	1174.255331	29.043970	2.715690	11.740213	0.000000	0	13.880601
6187	2119.230507	630.406507	1615.605507	29.029500	29.029502	3.957899	861.831309	0	-1.000000
1144	1974.284213	1443.654737	1190.150492	28.959330	1.251717	21.187275	0.000000	1	5.079868
10922	2052.274313	622.795959	1224.983737	28.958370	1.447579	27.083822	5.379184	0	2.178765
7360	2278.540132	1228.029957	1499.440781	28.939590	1.643566	17.404690	20.269706	0	15.545796
7441	2095.469302	1287.923668	1436.227511	28.928800	1.098225	24.747873	10.576061	0	13.156305
2229	2231.014162	1357.662173	1243.025851	28.832920	2.511553	25.560134	12.799320	0	3.110059
6137	2018.344754	1573.643875	1558.351725	28.820190	0.429640	29.032649	0.000000	0	23.494922
3613	1950.553802	1648.298173	1043.197759	28.790180	13.681280	4.910961	451.145803	0	-1.000000
7153	2260.943757	1447.047329	1436.662160	28.775600	1.133552	24.736421	10.590756	1	10.374976
918	2240.471384	822.101571	1213.030102	28.709980	1.179978	32.113209	1.613486	1	7.226870
1467	1731.265715	919.864453	1252.690717	28.684310	1.152363	16.964685	54.720352	1	1.929863
573	1911.052845	860.802426	1204.315459	28.602820	1.141368	28.897298	6.643024	1	6.311281
4015	1836.131385	679.665887	1180.372840	28.574690	0.872875	27.950196	2.447156	1	10.262989
3685	1594.022354	1503.572860	1127.827146	28.542350	3.347925	8.968613	0.000000	1	5.044535
8982	2095.370952	1027.439155	1403.352073	28.522870	1.261103	19.780034	27.618186	1	9.017964
7423	2222.525868	1263.509988	1442.703827	28.430110	1.685418	24.138387	0.000000	0	3.669300
1637	2042.445635	1397.314578	1290.240092	28.421110	1.200029	21.650773	5.264972	0	5.373276
3381	2108.796707	1598.992181	1223.019332	28.397780	1.217269	21.322889	5.511606	0	3.506046
8115	1586.127898	1251.612525	1381.495787	28.396040	20.953894	3.544788	1199.625096	0	-1.000000
5655	1998.341226	870.769553	1419.004831	28.350300	0.923553	20.620158	0.000000	0	14.607604
1904	1613.790209	1035.345510	1206.044335	28.342100	1.219532	10.471397	46.537439	0	65.627086
728	2074.904838	1658.146137	1206.194191	28.295810	1.838034	23.392029	33.396629	1	4.853227
1084	2052.789283	1591.917417	1191.440334	28.275290	1.252940	26.369843	5.828056	0	3.238643
2595	1591.517241	1425.137708	1222.631970	28.273560	1.692414	14.903500	48.425349	1	7.911508
5185	2156.374258	759.730244	1469.869366	28.254550	1.248086	24.729856	0.000000	1	3.867502
1968	1947.152350	1406.222864	1222.298017	28.204030	1.644888	18.836041	0.000000	1	2.376620
2608	2063.974926	1388.954897	1264.157444	28.190680	1.183796	16.862716	11.143810	0	9.931415
923	2210.102057	752.228559	1227.008593	28.174740	1.238339	35.072706	6.192678	0	3.004536
2943	1651.913700	992.091986	1234.644444	28.151290	1.293381	19.391045	51.299214	0	3.263424
3257	2061.089794	1036.626609	1246.512022	28.120310	1.445506	21.615371	0.000000	0	2.063908
575	1995.386218	827.418809	1219.461782	28.072000	1.289468	24.375251	0.000000	0	4.779049
10597	2022.104211	1419.952222	1680.000755	28.064050	15.942390	4.716117	0.000000	0	2.520683
4725	2135.464179	815.406723	1172.572329	28.058940	0.698729	26.899020	10.981633	1	9.589276
6037	1753.627524	1449.354790	1398.931379	28.048380	1.200641	23.172430	17.177562	0	9.208548
3031	2059.822668	1636.921904	1365.767261	28.046890	1.006983	20.259227	0.000000	0	1.903938
1664	2254.146550	1550.435283	1344.980148	27.988850	2.058916	25.411288	0.000000	1	9.139231
7387	2220.989762	1005.191026	1431.867280	27.932040	0.563773	33.626455	0.000000	1	21.365814
1656	2006.296016	1337.879390	1299.647430	27.914840	1.835458	18.249451	0.000000	1	1.554029
2071	2246.692052	1207.458819	1217.656603	27.910310	1.048064	31.730107	0.000000	0	13.263815
5627	1631.951807	1042.658600	1302.270276	27.908540	0.823214	21.696335	0.000000	0	7.486600
4185	1807.617227	1765.237086	1155.508505	27.907720	2.754704	10.504959	46.092811	1	2.615671
824	1847.992382	1258.231208	1205.121869	27.886550	1.983879	21.435806	16.274892	1	5.777369
463	1980.553264	1830.045494	1189.005707	27.865040	1.491976	24.306797	3.720772	1	6.443487
3251	1639.394894	1406.398934	1302.510991	27.858840	1.279727	18.820113	24.047552	0	17.642838
7412	2036.006304	1132.848444	1423.109134	27.845160	1.041737	28.886389	8.867405	0	11.485479
3059	1898.378650	1468.595067	1357.188895	27.836240	1.443640	18.663933	0.000000	0	9.470433
2751	1929.744391	1588.578501	1282.310266	27.774710	1.177149	24.273312	0.000000	0	4.655996
7805	1814.300402	1068.715877	1285.959522	27.765350	3.063286	11.392555	0.000000	0	3.425986
5977	1666.415855	1447.283453	1372.394200	27.754480	1.172702	22.657575	0.000000	0	6.550594
8627	1672.197059	1191.984369	1301.770101	27.750840	1.329623	19.468977	28.963223	0	2.801220
2865	2150.649135	839.181362	1290.826023	27.724240	1.436450	26.790912	8.336333	0	9.804355
422	1706.044311	823.819693	1295.540952	27.713800	2.424754	11.009259	40.044426	1	8.513119
7156	1811.888971	1339.453225	1350.957239	27.713350	1.430404	21.889532	0.000000	0	4.551708
8565	1668.044711	1255.581916	1290.683754	27.710440	1.183731	15.253515	45.167677	0	10.458112
8902	1651.131531	1070.301714	1287.282828	27.694990	1.978841	15.884466	0.000000	0	3.144809
691	1639.078331	1060.992386	1189.738369	27.691720	3.124201	13.370668	0.000000	0	7.832763
1580	1636.079029	1017.331147	1252.410788	27.666000	1.059395	20.982404	0.000000	0	1.457424
1513	2188.635080	1348.417860	1324.279296	27.636800	1.814312	21.800377	25.786614	0	5.637806
5404	1935.680698	950.672896	1399.282980	27.629370	1.217842	22.263546	19.368378	0	9.726845
2887	1710.930582	1189.161651	1254.194298	27.617990	1.053443	18.624028	0.000000	0	4.751090
4272	1859.765130	1682.072364	1120.999522	27.569350	1.911032	24.203235	11.306216	1	3.053694
1039	2067.097935	1692.230396	1180.561243	27.527030	1.278452	21.968050	10.080261	1	2.102756
657	1893.337797	1824.718582	1198.842490	27.514790	0.969293	23.306408	0.000000	1	2.705039
2341	1770.700186	1418.743789	1234.390158	27.446250	1.144485	24.972849	0.000000	0	2.532753
6401	1738.612435	1332.711428	1415.963555	27.327020	0.927726	25.812993	9.320141	0	11.512847
5945	2103.992857	1569.351509	1495.976313	27.308010	1.961552	24.480719	10.926098	0	3.425856
8231	1962.932180	1170.171169	1442.874641	27.287420	1.113982	22.488133	9.396932	0	7.273009
871	2148.576214	856.954484	1206.339461	27.274540	1.332603	28.391242	9.339489	0	2.726834
459	2057.329038	1587.820129	1172.250486	27.259080	1.356084	17.756304	0.000000	0	7.387344
808	2265.856770	910.014220	1194.874494	27.235750	1.043575	33.451519	1.427476	0	15.543318
1053	1723.092113	1097.191484	1198.861658	27.234140	1.205134	22.852721	26.862955	0	7.464309
8555	2299.595684	1126.446473	1418.353850	27.216500	1.774629	21.619509	10.575692	0	10.258673
10891	2028.254990	625.567719	1220.975862	27.186050	0.980242	24.013357	3.858848	0	2.045420
2724	1667.844884	1145.591248	1235.412251	27.132470	1.206622	15.148400	0.000000	0	15.686515
3099	2085.202186	1396.593281	1337.470308	27.108780	3.094304	15.127283	0.000000	0	3.184903
2324	2109.791198	1171.038380	1243.182766	27.092980	1.785743	21.644267	15.809164	0	1.614248
1778	1721.856592	1164.824079	1239.825524	27.075090	2.673268	14.440045	53.239253	0	1.705238
1918	1816.876004	1190.549243	1212.544159	27.065190	0.619646	16.094438	12.817072	0	1.864657
4953	2152.234884	690.224671	1345.589440	27.061210	1.534097	20.860308	0.000000	0	4.335127
9526	1900.193868	1650.857188	1687.910941	27.033990	7.216837	9.693913	0.000000	0	2.315162
9158	2159.217756	1265.636877	1501.184912	27.031090	1.426932	23.968952	3.880335	0	4.730551
1604	2117.066788	1306.766644	1293.360493	27.016740	1.106732	17.612537	29.340788	0	16.563647
2926	1912.721393	818.841526	1252.201578	27.004260	1.235657	19.168588	0.000000	0	9.199542
5992	1629.777555	1442.930327	1366.388492	26.965750	3.565792	8.253620	0.000000	0	7.503408
4098	2049.183070	1051.052032	1171.301414	26.886460	1.740295	19.510821	0.000000	0	13.970149
5696	2131.446821	1631.598101	1473.400455	26.874990	1.430201	23.090602	0.000000	0	4.885594
2774	2026.944149	941.303285	1249.646813	26.852410	0.881246	23.978875	23.253116	0	8.378433
8162	2191.363488	1066.047518	1494.550725	26.818290	1.099059	25.308231	3.296332	0	2.175624
10225	1935.557157	1450.451072	1667.013090	26.816130	1.962875	13.318396	0.000000	1	19.659188
4011	1809.310573	1741.899133	1181.012415	26.810310	0.822067	19.782086	0.000000	1	2.073824
5482	2044.708632	820.016612	1489.821713	26.804630	1.606572	23.690567	12.056220	1	1.593484
4326	1835.897348	1691.929155	1116.162061	26.773920	2.378664	14.944171	0.000000	1	2.965589
6742	1753.535507	911.123507	1525.823507	26.765890	26.765891	2.951350	2078.519652	1	-1.000000
6421	1829.957349	1509.741630	1523.595340	26.758970	1.236057	24.796934	24.531290	0	6.285632
717	2067.989263	1567.498376	1183.584285	26.747920	1.218066	15.540113	0.000000	0	3.063698
5010	2059.717305	951.896170	1401.431281	26.745010	1.717412	14.726177	0.000000	0	4.012847
8870	2200.047667	1266.245057	1388.477243	26.721840	1.239172	22.900211	8.898726	0	4.815233
5689	1780.116208	1506.623131	1372.915081	26.720390	1.705145	13.279717	0.000000	1	8.774119
3448	1656.551009	1428.250213	1317.889322	26.716970	1.033253	19.499708	7.206626	1	10.498111
3138	2150.309369	1328.365458	1357.953330	26.692530	1.315291	31.929707	8.207323	0	5.818125
7597	1823.251611	958.617308	1468.032528	26.683240	2.090175	18.426127	8.541106	1	12.454315
910	1721.818907	859.789229	1195.374189	26.637710	2.858771	13.511959	0.000000	1	2.025084
2163	1756.075453	1104.950903	1212.875519	26.619430	0.911418	19.350878	0.000000	1	12.590276
2735	1926.639779	1285.894339	1267.636472	26.610920	4.431215	15.710587	0.000000	1	2.406033
7045	2029.573691	1111.281502	1299.905268	26.566800	1.715658	13.265245	0.000000	1	2.149413
300	1572.977668	961.600720	1263.049416	26.560760	3.479806	13.167807	46.806479	1	6.001848
10818	2125.900484	1261.989258	1440.938544	26.558210	1.515484	27.361879	10.433705	1	9.058864
8238	2159.137450	1333.672187	1517.917809	26.539470	1.755825	21.865803	5.111166	1	4.666726
5420	2092.324509	697.535739	1463.769790	26.484540	1.137506	20.490674	0.000000	1	25.157546
7242	2062.068879	971.020903	1343.861794	26.444380	2.178653	18.029459	0.000000	1	5.436668
7269	2124.161881	1420.457216	1403.950095	26.428780	2.066314	20.647813	42.490529	0	5.517176
4327	1618.463810	1510.815516	1154.584365	26.420330	1.180524	16.753028	0.000000	1	5.381835
2436	2208.157245	1459.700496	1307.612266	26.320030	1.262565	16.744749	0.000000	1	1.821428
8966	1800.485396	1054.183170	1328.480562	26.272890	1.450819	26.135041	11.973104	0	2.252649
7013	2157.547600	781.729627	1573.614251	26.261530	3.635151	12.189852	0.000000	0	1.876363
7730	2147.151636	811.964655	1605.793372	26.243550	3.077609	11.880710	0.000000	0	13.080231
5360	2040.271489	910.793699	1329.567276	26.240760	1.724107	18.241560	0.000000	0	7.161334
1978	2157.011992	921.156630	1234.492269	26.200060	1.187557	24.229548	15.025896	0	7.439090
3096	1880.735052	1310.793930	1303.139461	26.199210	1.246701	21.551594	0.000000	0	8.098483
911	1896.110947	796.709243	1195.830502	26.198210	1.752171	17.068040	0.000000	0	2.331514
1643	2000.113145	1301.391569	1300.901942	26.178320	0.935428	32.102273	0.000000	0	1.626021
9937	1524.825394	1401.363635	1388.892358	26.169020	9.810218	5.225024	0.000000	0	-1.000000
439	1917.203841	655.910160	1192.740872	26.151780	1.050368	23.057564	0.000000	1	1.730282
5874	1608.267633	1397.072691	1320.197852	26.147350	1.540523	14.471346	0.000000	1	4.792137
5800	1810.387111	1540.692783	1509.858929	26.113860	1.134729	19.659485	0.000000	1	5.792102
4095	1926.442027	1019.750441	1176.995939	26.101840	1.503495	22.002365	20.066341	0	2.428663
9635	2017.253077	1102.641635	1463.660849	26.094320	1.272876	23.341924	8.403038	0	9.642013
846	1975.441436	1080.858993	1208.316282	26.084690	3.293135	18.133891	17.921456	0	1.836160
1774	1738.426338	1156.870706	1236.366639	26.073530	3.474492	12.534264	108.537494	0	2.699811
8235	2202.777948	1296.189448	1522.135624	26.029060	2.037724	22.674948	4.583291	1	1.999454
2559	2041.910598	1148.745679	1250.710579	25.949900	0.890482	30.352829	3.821631	0	11.514134
4123	1664.708553	1568.571513	1183.626651	25.945740	0.733608	20.331817	6.357520	0	14.317097
496	1995.368103	837.075278	1182.029285	25.929930	2.213991	19.075404	15.396608	0	1.880803
8955	1685.077447	1230.838273	1300.778074	25.886990	1.578690	18.755186	48.596327	0	1.702450
6212	1906.546322	1385.756199	1448.797339	25.857090	1.016484	25.306341	23.079493	0	16.390952
1585	2113.375412	901.203930	1293.558053	25.834370	1.914248	24.634278	10.723043	0	2.250133
2439	2154.618369	1479.601230	1278.000047	25.817090	1.725878	22.742740	4.542427	0	3.321869
3707	1696.778073	1647.939670	1168.172300	25.785830	3.974170	12.210894	0.000000	1	3.216093
5772	1848.310033	1421.703667	1484.006230	25.742590	1.205659	28.295463	14.151978	0	5.747932
2171	2129.263639	1251.082604	1226.271986	25.735400	1.876115	18.242402	0.000000	0	1.217804
8830	2175.504488	1079.826629	1360.831130	25.647720	0.858150	27.448638	0.000000	0	7.514946
4836	1905.680407	562.700983	1158.286274	25.579650	3.253916	14.079171	19.146308	0	9.485506
90	1920.057248	717.642578	1286.125763	25.551460	1.235643	18.715407	16.302286	1	14.397902
942	1632.308666	1285.484474	1200.260435	25.546900	1.157464	14.778729	0.000000	1	9.904793
2129	1732.964328	1348.259507	1210.780525	25.524850	3.506391	14.125563	56.874854	0	1.209432
4161	1761.660797	1398.142297	1176.397667	25.512130	1.525644	14.260521	0.000000	1	12.753515
2872	1938.419354	1030.025645	1279.090305	25.427390	1.277845	28.244975	7.114002	0	2.318677
5112	1786.177522	950.877691	1388.719685	25.414660	1.674705	20.817399	0.000000	0	1.600101
5154	1916.843397	957.042459	1294.817568	25.398490	1.330901	27.374867	10.418860	0	5.877289
10887	1934.017900	623.618167	1220.969718	25.393100	0.573425	27.114510	0.000000	1	17.434454
2750	1982.042387	1614.760660	1270.988301	25.392860	1.395975	24.043759	3.844228	1	2.162747
2783	2104.200006	1046.148856	1259.418241	25.334220	1.018321	26.626139	2.830686	0	8.556648
8935	1688.041677	1260.046609	1315.408467	25.309470	1.021008	19.962071	0.000000	0	6.245236
1273	1974.280253	1444.606815	1343.694921	25.274720	0.728874	31.682773	5.040435	0	15.996562
6335	1685.362981	944.691622	1397.716857	25.273080	0.920369	22.524166	4.675953	1	16.595196
1954	2308.920880	1185.764366	1255.954040	25.256850	1.749399	24.770858	0.000000	1	1.640790
9357	1760.935739	1143.430422	1390.440091	25.200940	2.071843	15.309676	0.000000	1	2.405533
8269	1641.562219	1286.230336	1414.818826	25.172080	2.682186	8.105711	100.332794	1	15.507504
6284	1829.519952	1369.269133	1381.118188	25.111330	1.694602	22.764180	0.000000	0	1.630100
480	1795.599277	1278.290024	1189.120556	25.099450	3.121282	13.035691	0.000000	0	2.427818
10101	2164.369716	795.801645	1573.337829	25.085780	2.632441	20.648010	18.209707	0	1.935596
7785	2026.212108	1138.092565	1320.132047	25.056020	1.520026	17.408028	0.000000	0	5.856138
2905	2123.437668	950.716053	1255.641756	25.035130	1.225389	20.854337	23.566068	0	4.747263
2648	2039.971505	1501.489902	1268.815390	25.029540	4.289859	11.442682	0.000000	0	2.188086
1283	2047.187224	1457.363348	1406.162387	25.022300	0.977827	26.280012	0.000000	0	2.341170
715	1918.473234	1858.788818	1190.135779	24.949530	2.341798	14.191823	0.000000	0	1.413179
7898	1860.246523	1068.169184	1430.622199	24.930220	2.159616	12.504549	27.328273	1	6.530125
1251	2192.168040	1642.755391	1453.656500	24.908120	1.261083	27.065759	0.000000	0	6.748491
3064	2063.021701	1657.649363	1406.216563	24.899930	1.453829	17.984132	0.000000	1	2.789176
3273	2260.853068	853.375996	1281.706307	24.893230	1.086337	28.177878	0.000000	1	3.080562
3093	2171.382914	1298.473469	1349.234315	24.861920	1.867498	20.088145	13.183381	1	6.500883
5589	1733.687178	873.439749	1395.409886	24.841940	1.943283	11.029028	39.829477	1	3.359814
5898	1662.557782	1375.718873	1352.705922	24.824380	0.994224	18.202773	0.000000	1	13.459039
10901	1895.649336	778.947990	1217.671633	24.819360	1.281531	27.868126	0.000000	0	3.057054
7843	2020.591260	1095.411432	1322.998380	24.799690	1.459085	21.448102	5.415639	0	2.950068
5706	1610.061127	1382.847725	1316.483707	24.796820	1.339210	15.162337	0.000000	0	4.544620
124	1875.321566	789.181667	1230.801257	24.781200	1.854420	23.868155	19.648517	0	4.054379
8929	1671.846537	1217.998400	1295.197019	24.772670	3.779987	12.553579	54.018634	0	2.637732
4989	2260.459507	814.028507	1337.319507	24.755600	24.755596	3.990799	840.691726	0	1.400162
1028	1803.090003	1299.248525	1192.304157	24.740940	2.707201	17.045441	32.367776	1	2.412503
3230	1924.303478	1489.828969	1367.331552	24.735080	1.273008	20.557986	0.000000	1	9.454002
883	1712.725442	774.082526	1184.638779	24.721650	1.808404	16.312359	49.240900	1	4.425288
5193	2171.818686	733.847507	1489.964101	24.686660	1.304196	31.443512	1.718791	1	3.379128
2571	2046.410449	1102.363518	1246.192963	24.669200	0.946868	21.683361	0.000000	0	5.990185
1180	1621.982607	1452.578865	1197.587843	24.651850	2.226722	12.383515	0.000000	0	4.550251
2022	1986.515118	1112.935965	1237.104498	24.641550	1.594308	17.580745	19.666835	0	1.232731
133	1761.809709	847.557971	1218.513477	24.612360	1.298913	20.426741	6.269300	0	3.323619
1066	1811.449911	1311.133863	1203.756545	24.582670	0.707032	22.779896	0.000000	0	2.541723
8656	2249.067826	1258.342676	1446.853369	24.558160	4.373646	14.174213	37.527483	0	4.621386
6345	1843.404968	866.101092	1495.964249	24.550890	3.175841	17.852765	37.562959	1	4.967415
1540	2122.349685	1541.181298	1320.374086	24.478130	0.807286	23.863624	0.000000	1	15.085431
7022	2134.193243	956.937792	1510.649329	24.454780	3.395216	15.601063	0.000000	1	2.035002
1571	1813.527551	979.671420	1262.642796	24.445920	1.005418	19.251526	14.977896	1	4.553917
6209	2150.683011	1460.022904	1632.563655	24.441070	1.594555	24.932983	0.000000	1	8.428910
1621	2010.716251	1372.654274	1286.928765	24.421500	1.011826	21.753244	0.000000	1	10.616490
1646	1995.666410	1352.283880	1295.832227	24.385480	1.455912	18.717427	0.000000	1	1.890579
4034	2062.172639	888.743090	1163.671166	24.365400	1.582631	11.363704	36.413010	1	2.147071
9345	1749.501571	1134.033056	1376.930636	24.356320	1.812512	18.409925	0.000000	1	5.201348
10326	1629.541510	1352.400535	1481.868082	24.356220	13.657039	4.245812	0.000000	1	-1.000000
8311	1616.606684	1312.790574	1399.939400	24.344590	1.539292	13.969074	0.000000	1	9.683792
5764	2106.952462	1502.837010	1476.582223	24.339550	0.665413	25.476242	12.926180	1	19.617016
8653	2103.540488	1228.307646	1415.441158	24.309300	0.937474	29.597449	0.000000	0	14.899223
602	2219.611525	949.960210	1196.910895	24.301380	1.240942	27.300262	10.504511	0	9.110290
5998	2126.968415	1657.796731	1570.676250	24.251620	1.090627	32.969445	0.000000	1	5.704595
4671	2174.610615	728.793416	1159.121926	24.249600	2.008652	22.904533	4.446845	1	3.747836
5291	2176.194452	734.218661	1421.788469	24.226070	1.540659	22.184579	0.000000	0	3.150716
2376	1956.731428	1390.376320	1248.792919	24.207880	1.388474	24.509208	18.146734	0	5.713826
1381	1669.885425	1059.570513	1246.764587	24.206660	1.568866	21.227216	33.518798	0	4.068361
3162	2159.254278	1606.166725	1361.672610	24.175510	0.915082	27.513202	0.000000	0	4.458471
3132	1776.841008	1471.067284	1289.129635	24.166800	1.474455	20.324717	31.820924	1	5.046382
9718	1978.549679	1631.627880	1657.544412	24.160840	1.673664	20.091343	6.588543	0	3.117581
5166	2223.965302	878.109082	1335.063183	24.158560	1.411240	22.470432	0.000000	1	2.212890
1649	2079.261104	1419.101286	1307.414343	24.146290	2.218358	16.562124	0.000000	0	3.941549
5827	1899.003221	1572.253259	1509.444343	24.117450	0.838279	28.049014	0.000000	0	1.767324
5611	1976.729919	755.540333	1512.582859	24.045750	0.896445	20.412179	0.000000	0	4.387164
1560	2175.929411	724.137308	1285.785200	24.008240	2.113122	17.992048	0.000000	0	2.419049
7125	2013.521113	1394.748372	1483.935103	24.004460	0.570795	31.914749	3.287547	0	15.150480
4712	1886.339110	779.376429	1175.087978	23.973490	1.408517	18.892448	0.000000	0	11.945865
9068	2098.956474	1232.372791	1372.216594	23.971590	0.649477	26.078075	0.000000	0	25.915659
1881	2242.580147	1250.271500	1224.048754	23.950730	1.280086	27.767853	9.982731	0	11.382105
4017	1824.249329	735.614375	1184.773233	23.898640	0.856397	29.085134	4.343433	1	15.495241
10429	1968.134447	1400.418696	1628.999129	23.858180	9.827791	6.225666	0.000000	1	-1.000000
10037	1976.933532	1110.048202	1481.930264	23.826650	2.093426	17.060520	10.760675	0	3.140105
3335	2063.071017	1839.205829	1243.161309	23.798010	1.000407	29.121125	0.000000	1	1.779222
606	1749.878216	1194.732487	1198.453575	23.794090	1.749616	17.375228	10.186494	0	4.337758
5913	2022.041156	1511.491145	1442.837825	23.733430	1.073010	23.069145	0.000000	0	7.699413
9024	1655.990691	1097.555100	1279.048371	23.720070	2.416412	9.878217	55.434559	0	1.159843
6168	2238.304151	1489.755005	1478.192688	23.719280	1.373851	33.697389	5.585828	1	5.510033
5216	2146.309744	914.990859	1502.505955	23.715080	0.652011	25.451542	6.481925	1	15.396230
2170	2196.037521	1226.971106	1239.599962	23.693400	0.865248	30.157885	1.948111	0	3.176926
2896	2263.687591	1048.437896	1305.787555	23.670140	1.417369	28.222504	7.131008	0	4.650303
1007	1710.033376	1636.080662	1185.724264	23.667150	2.011646	19.025438	7.759117	0	3.224194
2405	1921.573972	1421.168267	1246.469623	23.660810	1.278351	24.106703	15.256778	0	5.275964
1154	2000.609033	1810.069991	1170.280349	23.628920	2.554063	17.484953	0.000000	0	1.751044
3363	2168.269784	1641.231253	1268.422477	23.624340	1.031103	27.390584	0.000000	0	2.698934
4193	1780.786420	1512.943625	1168.946124	23.597600	3.783221	12.774459	0.000000	0	4.172013
7334	2136.664506	1147.821549	1434.810817	23.590010	1.172441	22.541540	0.000000	0	7.753582
1478	1870.617017	820.104495	1272.918372	23.589170	2.147107	20.328315	0.000000	0	4.422756
261	1969.189459	515.998261	1315.460853	23.588270	1.782207	20.526815	6.178052	1	3.307088
3078	2047.356683	1646.179748	1404.182799	23.563400	1.507583	20.708534	6.016836	1	2.639463
1929	2169.579477	1373.245020	1234.910828	23.561940	1.520303	23.650313	4.039295	1	5.433139
2290	2184.215764	1657.253551	1247.391174	23.537100	1.297041	23.749264	0.000000	1	2.688967
2277	2189.427623	1307.154529	1245.273649	23.534740	1.736325	23.302393	16.891754	0	1.566418
3397	2143.673151	1759.810381	1225.862450	23.519880	1.086010	31.389003	3.455523	1	6.300642
646	2070.089999	1703.409492	1166.456137	23.504900	1.887420	24.614660	0.000000	1	1.960348
2934	1695.082553	1013.475395	1234.146744	23.494680	3.556064	10.448899	0.000000	1	4.872640
10196	1849.355507	958.921507	1528.107507	23.463120	23.463125	3.218842	1602.201627	1	-1.000000
4498	1756.174495	1229.918148	1190.296119	23.450170	1.576958	18.455737	0.000000	1	2.711527
3730	1758.013139	1250.764349	1189.179705	23.436210	1.157269	17.360788	0.000000	1	2.917150
6305	2036.010395	1418.108301	1584.728855	23.431360	1.295958	25.190897	6.685215	0	3.255107
1776	1757.168338	1169.774020	1232.953242	23.423470	1.511295	23.132628	0.000000	0	2.425408
3040	1746.691134	1430.812414	1321.643424	23.394140	0.848224	20.759966	0.000000	0	9.758151
2330	2171.527195	1299.033205	1262.015300	23.359380	3.725717	13.915216	0.000000	0	1.554746
1645	1940.486302	1339.069447	1296.330806	23.356460	1.528165	22.028067	9.998092	0	2.558130
2265	1950.218592	1067.025295	1235.787675	23.348360	1.236262	17.159990	0.000000	0	5.228771
9390	2123.058145	1281.617398	1531.666771	23.346050	2.458777	23.291707	16.915012	0	6.353243
10866	2109.866680	953.317623	1447.606343	23.343310	1.135386	23.102782	0.000000	0	12.683821
6387	2056.496154	1422.785383	1375.966970	23.340640	1.163904	22.933829	0.000000	0	6.879900
1567	2063.011405	823.560258	1283.883266	23.326100	0.873038	22.523040	0.000000	0	3.035749
6184	2108.024950	658.018255	1595.693847	23.317520	2.510564	21.603489	5.299618	1	5.194547
8923	2011.540123	1056.342575	1364.612797	23.309160	3.132256	12.700149	52.169877	1	1.157112
4848	1909.513888	673.635794	1184.015711	23.297830	1.108455	22.225764	4.866830	1	1.541456
6205	1595.954622	1420.021042	1413.299448	23.213270	1.468830	18.952048	0.000000	1	16.667783
984	2311.396458	1330.146429	1174.425724	23.198750	1.003880	22.289854	0.000000	1	16.151832
2270	2141.686736	1131.687605	1244.201709	23.175550	0.875540	29.361824	16.887182	0	2.510444
932	2018.279837	1285.565714	1202.701769	23.167860	1.612011	19.062993	0.000000	0	3.464547
9114	1835.972208	1222.335174	1396.744372	23.166130	0.616775	31.725512	6.693455	0	12.423402
4975	1778.152221	895.734316	1276.456933	23.139960	1.026275	26.428416	14.473478	0	9.347177
7797	2079.581070	1086.251256	1320.067326	23.115980	1.052391	22.949751	0.000000	0	1.422126
3100	2088.667326	1445.332513	1341.551672	23.114670	2.092872	18.618642	0.000000	0	2.208930
7189	1840.955647	1083.172218	1250.177558	23.090820	0.977769	29.372465	2.108604	0	5.837082
5553	1592.109302	1002.427509	1331.703119	23.089230	0.870257	23.764286	0.000000	1	2.656482
2272	1929.165026	1151.527621	1232.945918	23.056130	1.379574	24.922454	6.903573	0	7.471489
3220	1875.149614	1476.607482	1348.231152	23.009450	1.017044	23.864715	0.000000	0	4.471878
3985	1806.034449	1261.202833	1170.886891	22.998850	9.218325	7.455450	128.942072	1	2.251072
2508	1943.407754	1467.266364	1262.994231	22.960940	0.874813	24.832263	0.000000	0	5.783557
6397	2138.207826	1450.655487	1550.205928	22.944960	1.305943	24.900244	10.383094	0	4.382431
699	1687.688817	1166.339773	1189.894383	22.942970	1.252650	15.534270	0.000000	1	7.236241
1061	1920.215162	1260.244630	1200.636011	22.903620	1.201213	25.463532	0.000000	1	6.069980
9020	2079.947586	1054.710016	1355.323714	22.901250	2.200029	18.943954	0.000000	1	1.425947
10324	1935.903403	1433.165487	1689.414466	22.898220	4.102911	11.890498	31.784559	1	2.874658
1780	1699.984003	1155.612690	1245.322473	22.839640	1.700492	16.863277	22.285398	0	1.717157
519	2095.307534	1020.196801	1206.461670	22.810800	0.800478	25.413335	9.766807	0	15.288906
8250	2198.040323	1302.786452	1537.391871	22.785720	2.534000	17.838289	28.240865	0	1.750313
1505	1935.437477	1281.172014	1283.415282	22.770870	2.497190	12.876836	0.000000	0	1.129796
3111	2281.666066	1288.090497	1382.036006	22.766920	0.866766	28.120255	0.000000	0	3.602094
6065	1604.246044	1391.105947	1348.778030	22.766390	1.949211	18.618667	16.557719	0	5.793690
1209	2119.603327	1055.922575	1219.222884	22.753440	0.879931	26.198215	2.971674	1	19.412439
3328	1841.581544	1278.203321	1302.583572	22.747840	1.055399	26.184631	11.905205	0	12.464952
2019	2123.402603	1002.325188	1234.456526	22.745040	0.962113	23.772797	0.000000	0	1.973177
2788	2109.531998	1170.531051	1256.813033	22.723230	1.452002	20.504103	24.794422	0	1.353890
10812	1922.483282	1211.387434	1405.198086	22.721080	0.578246	25.873840	0.000000	0	8.270136
607	1806.092309	1250.841586	1199.541129	22.713910	3.284408	13.564820	0.000000	1	1.702186
5806	1652.215198	1433.934443	1417.202090	22.704130	1.441813	22.051301	24.916304	0	6.371080
8629	2245.299906	1245.734614	1424.846101	22.700140	1.882562	23.815059	0.000000	0	5.008934
735	2044.845436	1331.420071	1183.932031	22.674590	1.161301	26.565354	5.700323	0	7.387907
304	2007.111330	662.974953	1344.727978	22.652380	0.909273	23.982858	0.000000	1	2.077698
250	1927.782741	764.433105	1302.714696	22.616530	1.096147	21.216036	16.785908	1	14.751486
3039	2143.196298	1582.458599	1401.189868	22.614400	0.972670	27.720688	0.000000	0	3.311636
1348	1707.315882	1548.532235	1260.285304	22.579150	11.752633	5.477140	0.000000	0	-1.000000
7243	1801.627229	1015.785650	1270.674846	22.574050	1.293388	24.385134	11.055086	0	4.443164
2025	1942.798051	1258.550704	1237.022713	22.535300	4.980079	8.502511	0.000000	0	1.081889
6000	1794.148464	1494.475327	1416.945917	22.513050	0.886029	26.879224	0.000000	0	19.533083
7464	1852.254751	1432.616165	1560.714361	22.479420	1.170160	19.479186	0.000000	0	10.125523
7290	2017.982143	1586.824629	1639.274659	22.456430	1.580643	18.138307	8.954185	0	1.042198
5214	1896.812669	975.862606	1423.762458	22.447030	1.143576	19.582509	0.000000	0	3.681915
1800	2128.140214	1355.625214	1267.116337	22.430700	1.025210	21.277862	0.000000	0	8.935200
2946	1685.364198	1000.595012	1242.836970	22.426790	2.301475	16.621132	11.636824	0	3.328331
2235	1728.289097	1355.681566	1215.711270	22.417310	2.075093	18.475450	0.000000	0	1.062189
1589	1820.393487	877.660835	1257.760490	22.388880	0.716025	29.176034	2.151481	0	5.706745
9316	2135.572964	1268.287660	1513.322519	22.370350	2.632379	13.679077	20.875936	0	4.023175
2044	2009.885967	1018.719530	1240.801501	22.362070	1.789191	25.720773	9.420751	0	3.074561
4536	1905.574168	1724.342513	1095.713742	22.361010	1.750473	23.489865	0.000000	0	2.340251
2504	2152.779224	1456.296992	1292.073998	22.336910	1.814285	19.917846	27.048873	0	5.343593
7048	1827.987456	1023.801509	1309.167792	22.331540	2.065576	16.816111	0.000000	0	1.954775
5059	2205.869764	806.236937	1465.183594	22.328560	1.384341	29.885967	6.005312	1	5.567376
8611	2148.838019	1196.896365	1407.758206	22.323000	1.298610	23.332642	4.206535	0	11.602732
6155	1920.982283	1485.666559	1536.903467	22.277150	1.444816	25.867137	12.348983	0	1.424066
8159	1868.440040	1014.135681	1385.427924	22.273090	1.176158	16.777141	0.000000	0	1.924345
940	1733.629123	1273.670244	1208.447261	22.265320	0.903425	24.959689	6.872722	1	7.336992
2775	2156.262069	910.009900	1257.267443	22.224450	1.155412	24.027775	15.407621	0	5.388806
5500	2049.582289	806.485462	1509.157539	22.206220	3.005804	14.084998	0.000000	0	2.531448
2944	1708.515494	970.723628	1246.795464	22.192210	1.345860	17.862709	18.750132	0	5.896624
5188	1918.271876	970.753505	1401.695122	22.179300	1.699137	20.627257	6.088241	0	2.243541
8944	2049.981786	983.028295	1377.340394	22.178690	1.917987	20.652445	36.395953	0	4.872977
3544	1988.130717	1416.536507	1172.060062	22.169820	1.469455	16.288806	0.000000	1	8.201194
7764	2027.860234	1018.998834	1311.452394	22.165790	4.160268	12.469433	0.000000	1	2.132250
1282	2062.555462	1474.876487	1387.781239	22.156260	1.011351	20.198004	6.484715	1	2.073014
2945	1639.630915	1012.153553	1230.198648	22.149190	1.960600	16.811706	11.245557	1	1.483486
5593	1725.986899	892.142961	1398.049446	22.081070	1.255361	20.630984	6.084942	1	1.598312
3679	1791.163080	1753.251081	1150.193624	22.078230	10.484201	6.103276	0.000000	1	1.909890
5280	2016.888975	783.410668	1365.149715	22.047710	0.893736	33.891906	0.000000	1	3.939572
7859	1763.025045	1101.524045	1349.852006	22.022090	1.510226	25.097486	13.520279	0	2.122473
