769 IsolatedVoids voids from LOWZ_South
VoidID CentreX(Mpc/h) CentreY(Mpc/h) CentreZ(Mpc/h) MinDens WtdAvgDens R_eff(Mpc/h) Dens025 EdgeFlag VoidDensRatio
1970	2133.345819	858.056515	1385.537550	0.080647	0.849433	93.086415	0.000000	1	2.480906
4005	2004.666513	1364.062550	1546.763280	0.081829	0.864881	54.302283	0.000000	1	2.500577
3371	1876.042871	1252.579369	1404.379237	0.101395	0.708488	46.297903	0.000000	1	1.819584
247	1996.027351	576.958310	1205.306338	0.102589	0.853512	68.559946	0.000000	1	1.753976
2266	2061.627300	1394.209281	1501.728463	0.103095	0.803988	76.283780	0.000000	1	1.686731
3829	1803.135695	1169.397076	1348.841204	0.107349	0.932787	68.518706	0.000000	0	2.269437
1933	2111.862700	724.011392	1543.033373	0.109212	0.860456	69.860715	0.000000	1	1.669315
5153	1934.985124	1243.634353	1383.510376	0.110492	0.830585	76.339171	0.000000	1	1.638034
2862	2134.948131	1343.062027	1442.748151	0.110838	1.141186	73.660313	0.000000	1	1.629394
3651	2151.410949	1055.125733	1417.330225	0.113291	0.819760	72.662705	0.000000	1	1.795272
2867	2159.293594	1139.458778	1467.379106	0.114837	1.009370	62.252214	0.000000	1	1.664334
3150	1850.248480	1095.854915	1367.751366	0.118096	1.079302	59.204041	0.000000	1	2.217305
2015	1725.772625	984.337580	1345.239552	0.120429	0.839425	62.980591	0.000000	1	1.607202
1987	1876.956969	898.666535	1390.735355	0.120818	0.665607	66.368942	0.000000	1	1.662731
3823	1686.274824	1127.498788	1286.217888	0.121953	1.182092	77.984582	0.000000	1	2.149808
140	1986.232859	672.377796	1305.562739	0.123283	0.787272	61.029244	0.000000	1	2.168536
1438	2077.338103	1799.165972	1125.366216	0.123919	0.798383	78.405174	0.000000	1	2.279665
3843	1792.239833	1299.196462	1382.252657	0.125650	0.764955	51.971987	0.000000	1	1.722811
3860	2052.517159	1330.006248	1490.387330	0.126451	0.758086	48.584195	0.000000	1	1.385492
2002	1635.100697	1035.194161	1343.436983	0.126848	1.190093	50.179020	0.000000	1	1.596551
1967	1655.438016	1005.441729	1267.343252	0.126850	1.149196	55.787288	0.000000	1	1.765463
2141	2023.028973	1565.634854	1498.184550	0.127974	0.967051	57.937055	0.000000	1	1.507865
1965	1739.519717	962.147660	1301.179458	0.129044	0.901157	48.640769	0.000000	1	1.580042
599	1703.324345	1257.990269	1224.464291	0.129099	1.010513	61.732103	0.000000	1	1.680534
577	2095.910887	1120.322353	1251.281695	0.131251	0.927187	77.671885	0.000000	1	2.129274
3822	1768.290498	1051.270070	1297.419486	0.133285	1.137210	49.444687	0.000000	1	1.821871
214	1941.094842	1567.982528	1217.566755	0.133404	0.811709	70.411384	0.000000	0	1.647646
2164	1912.834757	1495.819814	1467.640166	0.134047	0.792932	68.861144	0.000000	0	1.679047
2154	2094.168481	1556.691992	1575.442391	0.135358	0.843097	72.431636	0.000000	1	1.086077
578	2049.223561	733.570003	1226.868766	0.137358	0.842112	71.856770	0.000000	1	1.414106
1876	1716.888508	884.384258	1260.259382	0.138006	1.065666	63.260820	0.000000	1	1.596076
791	1978.638556	1502.976620	1367.373429	0.138953	1.011300	63.331776	0.000000	1	1.796437
3135	1977.373154	1012.902346	1328.727961	0.139274	1.347185	69.574861	0.000000	0	1.862757
248	2160.214873	785.650406	1182.234681	0.139359	1.117377	63.094913	0.000000	0	1.803463
215	1744.163700	1547.436729	1196.607878	0.139546	1.082113	64.511173	0.000000	1	1.798762
3131	1922.043468	1165.748732	1317.950497	0.139811	0.794369	62.264037	0.000000	0	1.391924
2221	2059.110124	1582.728950	1588.349968	0.140577	0.821602	70.849732	0.000000	0	1.045753
516	1726.644279	1448.769414	1244.328046	0.140752	1.044768	66.248353	0.000000	1	1.760316
582	1653.198840	1105.760314	1229.640133	0.140889	1.465232	36.445402	0.000000	1	1.728897
1954	2073.639239	755.818987	1346.009344	0.141400	0.857234	71.035887	0.000000	0	1.407502
596	1972.630160	1348.634872	1222.287043	0.142346	1.253634	61.142198	0.000000	0	1.262467
482	1997.100520	1430.085794	1294.912140	0.142394	0.992180	63.088259	0.000000	0	1.268905
906	1687.060248	1380.254765	1213.977892	0.143943	0.887928	47.212312	0.000000	1	1.554169
5155	1734.215492	1230.660802	1357.362701	0.144798	0.999276	54.464070	0.000000	1	1.667632
3974	2075.846150	1090.701357	1496.232305	0.145224	0.999288	43.049712	0.000000	1	1.475906
2010	2065.780052	729.850331	1509.900135	0.145616	1.001166	59.046808	0.000000	1	1.251992
2869	2198.167570	1030.006718	1502.900285	0.146345	0.968400	69.572056	0.000000	1	1.389787
503	2041.754722	1731.503326	1263.315434	0.147756	1.012490	63.283659	0.000000	1	2.044020
719	2200.527862	1195.086904	1274.986731	0.147919	0.982094	65.342134	0.000000	1	1.748364
1995	1961.245893	811.027352	1428.402382	0.148887	0.993294	56.093762	0.000000	1	1.189293
867	1733.024722	1359.553712	1335.381932	0.148898	1.191411	47.708726	0.000000	1	1.611272
2181	2020.801848	1616.900535	1565.087392	0.150393	0.623701	60.098996	0.000000	1	1.289181
630	2029.181312	1284.609322	1248.509841	0.151069	0.941424	60.198083	0.000000	1	1.297871
866	1983.649304	1393.479051	1364.388180	0.151559	0.844096	65.523130	0.000000	1	1.353142
3652	1960.145146	1089.829246	1384.579236	0.151754	0.987767	60.277557	0.000000	1	1.738422
488	1880.162883	1000.635997	1255.719272	0.151837	0.856940	62.918514	0.000000	1	1.644966
2032	1619.189181	989.223539	1337.937724	0.152805	1.119874	31.680113	0.000000	1	1.325339
495	1753.827006	1285.765740	1256.139233	0.153488	1.012457	58.098227	0.000000	1	1.413498
3969	1893.400374	1302.776318	1409.129293	0.153633	0.969160	42.158308	0.000000	1	1.178062
792	2133.646189	1662.469655	1355.904280	0.154149	1.161498	63.897367	0.000000	1	1.651407
2156	2001.757575	1420.181739	1513.734846	0.154303	1.038176	51.512313	0.000000	1	1.149518
283	1779.851130	786.096697	1191.075320	0.154519	0.715395	40.023857	0.000000	1	1.343016
2207	1857.215485	838.854023	1454.802715	0.155945	1.132934	44.550347	0.000000	1	1.254746
774	2063.998149	776.659325	1264.766011	0.156923	0.898631	45.925685	0.000000	1	1.442518
772	2015.068186	823.446730	1272.747665	0.157175	1.069176	62.058485	0.000000	1	1.545516
847	2213.819971	1530.010977	1404.445071	0.157989	0.984536	58.886655	0.000000	1	1.126385
439	2112.870322	1673.691469	1343.561863	0.158155	0.934411	41.619154	0.000000	1	1.609573
601	2150.181485	1163.734892	1206.344400	0.159168	0.866436	51.929582	0.000000	1	1.672973
1952	1638.362289	946.012965	1256.123653	0.159365	0.764477	29.448888	0.000000	1	1.449463
593	1812.970330	1217.003727	1218.384713	0.159392	1.215594	55.804358	0.000000	1	1.527333
588	1847.898969	1085.095536	1202.415284	0.159611	0.924762	60.251114	0.000000	1	1.564849
639	2088.031240	1365.894366	1229.284304	0.159706	1.422064	63.410636	0.000000	1	1.473884
2860	1795.673420	1231.619069	1335.311301	0.160036	0.727822	46.142895	0.000000	1	1.522287
583	2207.710575	1064.072697	1230.352167	0.160708	0.737218	57.136922	0.000000	1	1.389394
31	1949.714345	588.756536	1280.348597	0.160815	0.855347	54.493899	0.000000	1	1.534942
883	1992.584384	1272.747638	1302.383960	0.160923	0.921218	45.350362	0.000000	1	1.584144
386	2218.711187	1057.439123	1182.841273	0.161904	0.855790	37.558992	0.000000	1	1.311442
3367	2184.554309	1205.642393	1518.089036	0.162074	1.043611	54.717584	0.000000	1	1.584405
370	1973.381390	1692.653469	1191.953193	0.162841	0.844420	53.352129	0.000000	1	1.476487
2834	2081.939678	1413.178542	1570.096896	0.163688	1.114845	43.515383	0.000000	1	1.062350
383	2243.935757	1563.983176	1178.857801	0.164249	0.936536	53.077229	0.000000	1	1.991388
367	1642.409547	1315.679569	1196.682054	0.164283	1.082605	34.605898	0.000000	1	2.049661
2157	1681.448029	1346.593501	1372.378784	0.164301	1.338940	46.463041	0.000000	1	1.905138
3455	1861.725900	1481.695218	1549.897870	0.164660	1.056494	57.091208	0.000000	1	1.441466
3853	2050.454942	1302.819131	1467.644500	0.164754	0.881832	48.930372	0.000000	1	1.161437
3132	2139.939115	1034.133530	1318.220436	0.166074	1.109435	69.914867	0.000000	1	1.556807
1702	2015.847010	1704.134375	1166.139702	0.166610	1.128142	44.999239	0.000000	1	1.655753
554	1951.116461	1799.570880	1217.280407	0.166781	1.036652	73.758881	0.000000	1	1.271630
318	1955.610035	591.100581	1194.807342	0.166858	1.107022	43.673215	0.000000	1	1.078398
822	1809.058596	1418.192911	1280.152935	0.167361	0.921136	49.475725	0.000000	1	1.491500
2833	1766.545996	1339.607587	1434.309176	0.167857	1.097744	50.445772	0.000000	1	1.298223
627	1681.879031	1098.308576	1217.246966	0.169464	1.464446	29.268008	0.000000	1	1.277363
989	2039.972376	1503.541120	1187.750441	0.170036	1.002702	60.978556	0.000000	1	1.985900
2051	1932.729550	832.008942	1464.144480	0.170156	0.815429	38.354650	0.000000	1	1.332122
801	1727.301076	1450.636264	1308.991686	0.170489	1.029148	53.482859	0.000000	1	1.569794
2065	1850.704794	850.281390	1360.598777	0.170819	0.841250	43.951128	0.000000	1	1.183831
1897	1963.524977	791.198255	1388.365329	0.171672	0.638946	42.752415	0.000000	1	1.031446
84	1754.779037	727.676297	1266.975199	0.171977	0.793132	41.260411	0.000000	1	1.447547
646	1847.363259	1551.536686	1255.743883	0.172006	0.874328	58.410152	0.000000	1	1.459311
336	1654.802378	867.548352	1200.174128	0.172335	0.778151	33.634724	0.000000	1	1.153099
3827	2229.194596	979.282044	1427.739599	0.172368	0.927687	73.261087	0.000000	1	1.272463
1445	1950.146568	1688.715279	1124.184844	0.172838	0.969473	53.038514	0.000000	1	1.391090
671	1851.931891	1430.856134	1244.777353	0.173050	1.036099	55.159567	0.000000	0	1.327087
2272	1593.290211	1382.535494	1394.953353	0.173371	0.987938	45.776549	0.000000	1	1.475954
2028	1882.016683	912.510547	1458.211148	0.173555	0.823393	48.832290	0.000000	1	1.157491
362	1889.994503	1792.966508	1199.394242	0.173923	0.940892	51.030083	0.000000	1	1.219412
251	1851.147975	838.249579	1212.099865	0.174011	0.964960	49.899942	0.000000	1	1.303048
809	2186.799226	1546.374356	1431.142889	0.174368	1.013766	65.944269	0.000000	1	1.020577
3866	1928.632109	1285.240694	1450.503719	0.174837	0.957351	40.132671	0.000000	1	1.346235
656	2035.436386	1347.595394	1254.556318	0.174913	0.789074	42.020798	0.000000	1	1.027411
3015	1907.927107	1356.577835	1515.002690	0.174992	0.678659	36.622586	0.000000	1	1.780099
2020	1943.075568	813.703069	1435.535771	0.175556	0.729613	39.706794	0.000000	1	1.166838
3830	2065.859667	1187.683895	1397.502144	0.175631	0.958113	66.787490	0.000000	1	1.617250
2153	2016.531026	1579.741767	1508.386524	0.175726	0.760931	35.498698	0.000000	1	1.098117
673	2111.307138	1704.334867	1266.926151	0.176156	1.024599	56.807971	0.000000	1	1.538800
5162	1819.769600	714.282379	1219.080736	0.176774	0.852513	52.758632	0.000000	1	1.581059
3970	2234.862351	1054.989421	1533.791190	0.176937	1.194126	46.039970	0.000000	1	1.535278
584	1782.387828	975.385097	1243.017090	0.178545	1.217976	39.851678	0.000000	0	1.375734
5154	1643.825751	1259.545675	1303.018542	0.178914	1.269415	40.619389	0.000000	1	1.906958
2216	2087.210787	1470.122017	1601.389718	0.178946	0.809594	55.400348	0.000000	1	1.139624
3134	2185.470328	984.769755	1347.795131	0.179205	0.815739	55.208098	0.000000	0	1.111408
52	2057.631591	692.377685	1232.023777	0.179249	0.966445	58.093662	0.000000	0	1.083621
5169	2121.503400	613.541777	1204.039884	0.179318	0.842795	61.875829	0.000000	1	1.201766
208	2030.793150	714.972192	1183.313086	0.179620	1.018433	45.122574	0.000000	1	1.177675
2874	1906.358041	1209.337026	1379.038191	0.179739	0.778169	31.117278	0.000000	1	1.247264
2175	1764.421932	1479.311797	1413.199086	0.179977	1.084628	41.577844	0.000000	0	1.752840
1974	1814.226336	896.543750	1288.221686	0.180227	0.909647	49.411508	0.000000	0	1.457967
2249	1818.116638	858.821705	1453.898567	0.180289	0.833001	35.539578	0.000000	0	1.085317
471	1940.489315	775.358210	1281.657865	0.180334	1.226031	41.303898	0.000000	0	2.033089
300	2065.262291	1153.835203	1201.363194	0.180714	1.008018	47.828963	0.000000	0	1.583341
823	2154.383293	1541.382788	1330.052987	0.180728	0.863577	52.815759	0.000000	0	1.652862
2117	1985.018789	1613.711702	1477.738571	0.180812	0.909796	56.476989	0.000000	0	1.067227
5172	1785.701497	826.944264	1204.850782	0.181068	0.861339	49.489151	0.000000	0	1.146095
500	2059.413512	1316.344863	1295.679123	0.181231	1.130725	47.578197	0.000000	0	1.081871
760	2269.536198	1005.431507	1270.160973	0.181239	1.156784	64.230005	0.000000	0	1.551601
2224	2158.303614	1427.763351	1515.916008	0.181817	1.090038	63.133518	0.000000	0	1.477963
47	1635.757602	846.626165	1228.738307	0.182689	0.684711	41.795484	0.000000	0	1.087743
2148	2083.354774	1649.936806	1560.664560	0.182852	1.046892	46.522873	0.000000	0	1.072457
24	1596.145920	901.941953	1229.891064	0.183613	1.001727	36.784055	0.000000	0	1.552932
28	1657.313802	830.457768	1227.575784	0.184529	1.375891	42.150197	0.000000	0	1.099979
1996	1732.508020	1005.809426	1364.423612	0.184574	0.831615	33.291683	0.000000	0	1.048655
650	1998.861503	1683.734588	1261.237973	0.184801	1.114654	50.574962	0.000000	0	1.679406
363	1735.037215	1667.799650	1206.556073	0.184818	1.395664	40.953859	0.000000	0	2.552946
411	2048.204268	1653.056752	1288.199032	0.184924	0.996779	52.382615	0.000000	0	1.465841
2142	1825.540731	1502.087930	1393.908918	0.185221	1.016636	42.828125	0.000000	0	1.596166
3149	1791.558887	1088.730942	1392.372746	0.185515	1.053036	37.697892	0.000000	1	1.542434
1964	1864.801150	949.759091	1321.883807	0.185570	0.837266	41.504519	0.000000	1	1.466203
474	2025.630025	924.415235	1280.116815	0.185712	1.503074	53.963096	0.000000	1	1.403464
3368	2138.443083	1148.771858	1498.576916	0.186262	0.874810	52.038949	0.000000	1	1.026122
762	2004.249123	766.492709	1262.189506	0.186692	0.737870	34.166265	0.000000	1	1.127305
604	2125.433314	712.149830	1231.372961	0.186931	0.884829	54.740287	0.000000	1	1.567701
803	1920.539530	1439.583713	1329.569171	0.187041	0.935400	47.830622	0.000000	1	1.376120
600	2085.248729	954.778924	1200.515957	0.187703	1.289872	53.632741	0.000000	1	1.550123
3127	2241.695718	1168.654707	1322.336182	0.187801	0.961061	56.527136	0.000000	0	1.163123
552	1822.260630	1317.606231	1228.873712	0.190134	1.389741	48.729902	0.000000	0	1.701729
3819	2163.428186	989.698753	1364.473919	0.191124	0.959786	44.580483	0.000000	0	1.042100
561	1811.480083	1706.506899	1201.737506	0.191209	1.051598	53.581850	0.000000	1	1.566262
905	2103.180460	1492.674692	1235.297040	0.191512	1.270865	53.688910	0.000000	1	1.999938
790	1892.215831	1522.021443	1309.648550	0.191639	0.890041	44.447072	0.000000	1	1.244782
572	2082.828786	902.323286	1224.300291	0.191987	1.239627	63.311930	0.000000	1	1.320750
3845	1898.606200	1187.014585	1304.063130	0.191991	0.889058	31.263873	0.000000	1	1.013625
672	2075.433675	1560.005783	1281.219305	0.192282	1.300781	43.649492	0.000000	1	1.760939
470	2076.562943	694.360741	1287.802285	0.192289	0.945743	45.269153	0.000000	1	1.035012
2145	1679.270304	1405.767063	1360.643041	0.192557	1.037363	54.833498	0.000000	1	1.283847
483	1891.973362	1447.538161	1294.903424	0.192575	1.109403	50.391697	0.000000	1	1.192531
575	2010.762936	963.306743	1209.252586	0.192915	1.340463	51.412416	0.000000	1	1.381001
609	2153.339681	1557.222752	1254.049271	0.192964	1.076745	54.022073	0.000000	1	1.739170
237	1910.045908	661.110417	1223.961908	0.193035	1.007713	61.976764	0.000000	1	1.382291
569	1951.119904	1868.942660	1238.914526	0.193723	1.042573	32.013727	0.000000	1	1.328399
33	2114.483368	558.321749	1285.695783	0.193847	1.071724	47.535348	0.000000	1	1.835998
548	2202.388825	1438.949069	1309.343678	0.193970	1.476006	59.048540	0.000000	1	1.738916
1971	1928.100654	938.829991	1368.631737	0.194049	0.908059	41.405780	0.000000	1	1.485625
3834	2182.495000	1128.227467	1423.200471	0.194173	0.842143	36.649707	0.000000	1	1.045092
878	2229.442690	893.967024	1285.462900	0.194254	0.997929	57.629519	0.000000	0	1.359525
711	1992.753758	1200.527630	1252.111250	0.194454	1.144984	66.323949	0.000000	1	1.190121
1310	2005.254557	523.584693	1184.138967	0.194552	0.903171	28.333908	0.000000	1	1.178811
4514	2051.122382	887.600764	1531.009033	0.194651	0.892128	35.375339	0.000000	1	1.081953
344	1579.453911	1470.645590	1193.076711	0.195440	1.212303	40.538787	0.000000	1	1.579123
406	1912.659420	1505.946708	1393.414041	0.196478	0.980415	41.055231	0.000000	1	1.145530
497	1944.570632	1521.330821	1269.480250	0.197805	1.043292	57.041384	0.000000	1	1.173646
1483	1691.399018	1533.201447	1137.601018	0.197847	1.067942	27.966423	0.000000	1	1.320801
2873	2000.950214	980.627749	1430.680165	0.197935	1.330218	54.279737	0.000000	1	1.840412
1961	1856.701137	1004.351539	1324.491462	0.198302	1.296515	44.220985	0.000000	1	1.273248
587	1777.281585	1050.852542	1211.284205	0.198359	1.192698	47.141601	0.000000	1	1.257585
645	1963.277803	1556.469618	1258.075794	0.198399	0.936454	36.044663	0.000000	1	1.107880
269	1874.342721	1528.782697	1195.080546	0.199116	0.864569	43.452103	0.000000	1	1.404013
242	1815.263192	931.416048	1210.120303	0.199436	0.930129	38.197027	0.000000	1	1.539845
1982	2071.428061	890.354781	1542.038601	0.199724	0.975015	54.417220	0.000000	1	1.054469
227	2212.485587	1081.207554	1196.635083	0.199986	0.809267	45.139760	0.000000	1	1.061715
1546	2078.841672	1774.624474	1055.013536	0.200172	0.821602	33.677012	0.000000	1	1.929070
576	1683.043679	1099.736341	1218.484866	0.200237	1.321797	33.682118	0.000000	1	1.081052
761	1592.924600	949.922403	1223.862479	0.200647	1.081671	38.507950	0.000000	1	1.376945
873	1777.663947	1078.654665	1234.651417	0.200701	1.357201	46.130696	0.000000	1	1.242907
357	1835.356517	1362.008035	1204.527088	0.201389	0.807606	49.317757	0.000000	1	1.766695
2092	1973.696671	1572.507922	1580.481056	0.201742	0.716480	34.017671	0.000000	1	1.129301
586	2214.904412	868.038249	1266.145116	0.202232	0.897351	44.274273	0.000000	1	1.305894
3820	2180.569473	1094.149133	1380.670138	0.202346	1.013812	50.135582	0.000000	1	1.368303
410	2102.017600	1514.159853	1401.265939	0.203009	1.243729	63.755027	0.000000	1	1.637072
916	2098.441502	1581.190330	1418.660610	0.203083	1.054159	60.641696	0.000000	1	1.268299
1969	1830.533571	912.613102	1352.532752	0.203299	0.778127	33.394581	0.000000	1	1.253547
1903	2095.203582	921.842843	1446.978686	0.203877	1.275175	39.258911	0.000000	1	1.609187
2165	1925.251762	1603.447082	1458.353600	0.204404	0.656070	31.187460	0.000000	1	1.299026
250	2112.145793	590.862081	1208.043288	0.204839	0.899279	41.729750	0.000000	1	1.052035
289	2235.056585	924.628000	1173.482873	0.205259	0.992187	47.169380	0.000000	1	1.368908
721	1654.464441	1349.837748	1235.321181	0.206246	1.176041	40.162345	0.000000	1	1.084687
629	1985.363460	1237.792079	1245.740173	0.206246	1.091343	41.673530	0.000000	1	1.122078
701	2010.750436	1558.436078	1279.222437	0.206280	1.256370	45.405749	0.000000	1	1.086584
1701	2256.606110	1127.077936	1188.795743	0.206346	0.846516	35.647590	0.000000	1	1.359430
1953	1980.284395	772.136687	1325.089592	0.206864	0.853359	45.243458	0.000000	1	1.199759
3817	2082.624363	1233.717753	1335.965387	0.207066	1.004894	50.545942	0.000000	0	1.198962
2118	2096.057341	1664.113553	1522.978119	0.207281	1.315379	51.009785	0.000000	0	1.027237
1997	1835.651963	938.741673	1405.116758	0.207891	0.899107	40.131274	0.000000	0	1.161807
580	2025.574374	915.052853	1232.001000	0.208297	0.751460	40.747645	0.000000	0	1.217331
3818	2052.503342	1066.969321	1325.934780	0.208378	1.445486	49.336086	0.000000	0	1.656211
3968	2212.645612	1256.885869	1529.947801	0.208536	1.337919	46.396762	0.000000	1	1.386556
3836	2003.366754	1293.382217	1376.977858	0.209677	0.943194	39.783024	0.000000	1	1.398020
285	1748.605742	768.213469	1221.566742	0.209909	1.144202	42.215500	0.000000	1	1.185967
478	2109.024342	1339.353992	1315.190711	0.209943	1.037655	41.934474	0.000000	0	1.339879
3967	2049.313445	1176.192628	1478.966560	0.210096	0.785144	37.608686	0.000000	0	1.351953
2021	2004.596809	872.057574	1444.302718	0.210352	0.979649	42.304559	0.000000	1	1.086123
2267	2087.199157	1409.621428	1576.348872	0.210421	1.416590	49.877662	0.000000	1	1.285493
1392	1701.068997	1573.504211	1157.548067	0.210451	0.891988	39.258106	0.000000	1	1.068208
3813	2151.306561	1155.831870	1332.594509	0.210692	1.053336	52.134705	0.000000	0	1.374774
2225	1753.585533	1356.642244	1406.667475	0.211526	1.029024	48.615242	0.000000	0	1.030206
880	2165.998994	942.649922	1304.761236	0.211878	0.984934	49.888282	0.000000	0	1.236633
710	2240.092912	1139.278147	1291.023731	0.212155	0.895960	43.248928	0.000000	0	1.029603
257	1955.313819	1614.879202	1184.677697	0.212358	0.693553	41.311140	0.000000	0	1.311187
365	1803.415160	1150.281585	1192.811568	0.213400	0.829276	31.577363	0.000000	0	1.140791
1894	2042.686825	754.182654	1377.966626	0.213445	1.026816	37.552294	0.000000	0	1.025528
1888	1968.071629	920.733225	1401.120847	0.213654	1.176376	49.108743	0.000000	0	1.677404
2205	2039.244922	1480.505388	1455.023798	0.213932	1.087788	36.861318	0.000000	0	1.315583
3858	2054.868797	1255.137375	1487.455837	0.214093	1.304611	44.609872	0.000000	0	1.167524
310	2162.554144	1244.185429	1208.907385	0.214620	1.177788	43.511461	0.000000	0	1.273084
472	1945.538487	986.829338	1265.744493	0.214672	1.051355	44.044786	0.000000	0	1.208512
5174	2042.792924	491.064100	1216.465653	0.214935	0.844370	47.620139	0.000000	0	1.172172
2822	1932.265221	1096.253359	1274.948419	0.216111	0.977184	46.871416	0.000000	0	1.382008
438	1875.002217	1528.381101	1287.178955	0.216187	0.844123	31.112126	0.000000	0	1.103437
1349	2219.360487	1205.738608	1176.754429	0.216652	0.980532	53.388157	0.000000	0	1.026834
1956	2223.621016	808.021424	1384.919091	0.217245	1.391602	47.743676	0.000000	1	1.519515
1902	1991.714123	833.188509	1422.818318	0.217334	0.752965	30.294887	0.000000	1	1.009170
2859	1893.991196	1369.025785	1381.563760	0.217373	1.106833	39.518421	0.000000	0	1.571001
2217	2212.017379	1493.958991	1406.677578	0.217547	1.025959	54.435201	0.000000	0	1.009757
223	2218.574086	1195.482985	1197.371042	0.217620	0.742878	35.556693	0.000000	0	1.022267
338	1935.972886	896.491426	1207.218082	0.217732	1.351021	48.205478	0.000000	0	1.621258
2029	1672.320242	1022.427939	1374.145964	0.217858	0.907447	24.224322	0.000000	0	1.230723
1989	2126.233055	849.527813	1472.451203	0.218438	0.793934	43.065387	0.000000	0	1.417133
2071	1648.104159	1412.352262	1338.290276	0.218647	1.454963	38.689038	0.000000	0	1.130650
574	1661.146991	1004.977342	1210.758438	0.219310	1.512865	41.838361	0.000000	0	1.334276
607	1894.772106	1290.953045	1225.850203	0.219690	1.444577	57.535259	0.000000	0	1.602687
2199	1877.294532	1456.477441	1530.777575	0.220102	1.001039	44.574114	0.000000	0	1.078369
807	1826.168786	1510.001984	1345.272042	0.220252	1.260437	34.659496	0.000000	0	2.163914
1561	1712.330648	1561.432169	1134.471725	0.220433	1.376547	26.512248	0.000000	0	1.019838
2813	2073.316643	1279.557183	1361.253338	0.220606	0.887141	36.450700	0.000000	0	1.125370
2215	2180.918746	1488.847319	1627.607148	0.220618	1.119205	51.818765	0.000000	1	1.542512
1905	2044.439262	874.762927	1464.785242	0.220789	1.088335	33.639147	0.000000	1	1.034780
298	1963.652047	1214.794836	1194.287586	0.221510	1.043551	28.200383	0.000000	1	1.070131
2072	2044.970809	1628.872285	1436.420368	0.221577	1.220114	40.847578	0.000000	1	1.162443
731	1765.302632	1341.205600	1248.658949	0.221966	1.151995	28.573848	0.000000	0	1.334376
1883	1779.894033	983.130988	1248.549805	0.222805	1.229301	39.213488	0.000000	0	1.102450
3656	2193.732592	1262.446617	1440.686682	0.222978	1.182343	50.392884	0.000000	0	1.453888
296	1786.873544	1435.585320	1220.087368	0.223698	1.012186	35.995148	0.000000	0	1.361767
268	2041.519877	1402.624598	1193.401227	0.224195	0.974503	45.358261	0.000000	1	1.243734
2155	1610.437497	1380.983737	1387.322578	0.224211	1.214972	38.037755	0.000000	1	1.141280
3971	1696.233493	1175.280893	1352.444673	0.224563	1.183896	28.402320	0.000000	1	1.573598
361	1844.064979	1764.027108	1207.599893	0.225121	0.779615	36.993298	0.000000	1	1.461551
2804	1788.558003	1174.986511	1256.064114	0.225846	1.319893	37.635085	0.000000	1	1.084534
796	1990.757417	1601.024272	1336.850419	0.226580	1.055236	48.841593	0.000000	1	1.382227
1998	2188.209961	908.541664	1518.432834	0.226637	1.009764	61.612136	0.000000	1	1.188540
485	2201.651305	794.881110	1281.077865	0.227051	0.994276	60.748377	0.000000	1	1.417604
585	2168.111645	852.821913	1215.567707	0.227100	1.157850	45.333565	0.000000	1	1.352143
1020	1988.110664	1704.966008	1113.241306	0.227595	1.142124	29.903200	0.000000	1	1.441808
1929	1956.050481	783.981415	1517.205076	0.228702	1.205626	40.518987	0.000000	1	1.236193
68	1714.224761	831.797945	1256.455663	0.229441	1.070589	33.726051	0.000000	1	1.176138
374	2133.933233	1406.438634	1209.241010	0.229933	1.147352	44.148252	0.000000	1	1.361833
729	2260.164627	1359.479529	1311.050716	0.230055	1.336572	47.363123	0.000000	1	1.822654
1559	2037.164377	1761.868825	1087.628894	0.230903	1.072931	41.995642	0.000000	1	1.208601
234	2061.111481	501.213336	1187.447621	0.231332	0.836423	32.295745	0.000000	1	1.335241
2009	1764.087082	896.932438	1369.168551	0.231423	0.949249	34.038785	0.000000	1	1.161601
3207	1942.891315	1066.190470	1447.087843	0.231901	1.469993	42.913248	0.000000	1	1.510375
885	1820.481813	1207.056845	1314.194330	0.231974	1.035822	38.336915	0.000000	1	1.050209
287	1850.920267	779.621831	1204.590894	0.232027	1.111602	36.224322	0.000000	0	1.338756
3966	1892.882958	1141.974910	1429.977504	0.232284	1.042498	34.023129	0.000000	1	1.181721
800	1946.112602	1547.610339	1362.574379	0.232789	0.853227	33.833251	0.000000	1	1.072303
2052	2088.002338	775.672169	1537.220309	0.233109	1.339535	33.635919	0.000000	1	1.182424
1966	1789.798642	992.359172	1313.293145	0.233153	1.242076	38.565426	0.000000	1	1.011344
3655	2057.142371	1107.051990	1410.023655	0.233207	1.043152	44.971343	0.000000	0	1.401065
302	2239.796535	1156.554675	1221.575809	0.233586	0.936075	37.526128	0.000000	0	1.166050
2858	1894.185681	1008.678661	1396.342887	0.234369	1.275516	35.498491	0.000000	1	1.201957
2211	1719.179735	1475.358535	1471.759088	0.234542	1.017703	37.606311	0.000000	1	1.504859
3365	2166.586639	1279.497246	1484.427146	0.235553	1.574331	42.032184	0.000000	1	1.335493
3856	2018.071981	1040.330733	1475.894977	0.235599	1.349657	44.782694	0.000000	1	1.685034
1352	2064.563701	1404.478615	1184.605693	0.235760	1.091008	40.270812	0.000000	1	1.182722
904	2197.204418	1595.013824	1264.225492	0.236668	1.211344	52.281194	0.000000	1	1.442619
872	1751.391227	1054.307479	1236.471763	0.237073	1.119500	35.424074	0.000000	1	1.180714
394	1634.008731	920.033995	1202.261419	0.237265	0.797447	30.061479	0.000000	1	1.164436
391	1657.153933	1594.891079	1208.528864	0.237483	0.818557	25.847726	0.000000	1	1.523064
2861	2047.009074	1400.394989	1446.180790	0.237486	0.889902	33.493525	0.000000	1	1.172455
3854	1989.673754	1109.290307	1431.088542	0.237530	1.237548	51.719807	0.000000	1	1.474581
5161	2272.077127	1327.480138	1516.308223	0.237868	1.271653	47.308206	0.000000	1	1.364113
709	2061.216260	1631.358807	1250.114337	0.237919	1.457804	36.342607	0.000000	1	1.439758
3824	1801.413803	1296.367804	1322.956208	0.238187	0.953349	38.133576	0.000000	1	1.038450
813	2074.539752	1429.084083	1423.094614	0.240636	1.111524	39.985661	0.000000	1	1.128897
51	2132.302735	603.433328	1230.675071	0.241034	1.002826	29.370667	0.000000	1	1.162095
2820	1649.662124	1299.674157	1281.182853	0.242346	1.090441	47.346474	0.000000	1	1.407829
3857	2240.488983	1183.161865	1522.839174	0.242556	1.176462	52.237469	0.000000	1	1.169878
1396	2088.756887	1636.900655	1178.451444	0.243260	0.945500	26.756299	0.000000	1	1.745794
612	2134.954538	1738.814742	1237.250825	0.243607	1.156399	47.392905	0.000000	1	1.406987
262	2191.846602	1348.683269	1191.357211	0.244218	1.258545	39.290694	0.000000	1	1.499345
640	2075.428903	1874.518827	1242.917968	0.244353	1.150920	48.259127	0.000000	1	1.113321
2075	1856.459570	1475.582082	1398.773789	0.244407	1.000029	38.489219	0.000000	1	1.209633
493	1850.887480	1376.173002	1266.757653	0.244414	1.069092	40.853612	0.000000	0	1.182300
1484	2001.141630	1811.718650	1092.504518	0.245814	1.043776	37.500339	0.000000	0	1.135284
2501	2044.965132	749.714474	1635.089400	0.246016	1.136148	36.322268	0.000000	1	1.692155
294	2128.242033	1587.472589	1185.480101	0.246149	1.191069	48.696125	0.000000	1	1.363388
2264	1989.444468	1405.000222	1431.291817	0.246242	0.933692	40.405083	0.000000	1	1.007522
465	2244.023456	1184.028795	1346.973381	0.246448	1.200824	52.392356	0.000000	1	1.053843
2140	1983.302593	1492.862344	1472.908730	0.247192	0.787194	42.489157	0.000000	1	1.352035
987	2209.445247	1479.482887	1180.896196	0.247256	1.097369	55.171712	0.000000	1	1.600609
4161	2230.746310	965.080255	1531.091171	0.247580	0.809022	35.337082	0.000000	1	1.077407
787	1852.829850	1348.345430	1329.385594	0.247843	1.122060	42.376819	0.000000	1	1.497786
3838	2101.566594	975.758126	1372.609451	0.247843	1.547421	44.040590	0.000000	1	1.174802
594	2244.718178	1289.166493	1230.958359	0.248003	1.445915	57.081515	0.000000	1	1.416078
3842	2165.332903	1417.470783	1500.749125	0.248480	1.206562	43.670077	0.000000	1	1.081454
496	2199.876103	1536.316567	1291.288992	0.248533	1.191769	57.555608	0.000000	1	1.148112
4978	1742.675947	1449.083953	1510.230830	0.249426	1.531350	36.718340	0.000000	1	1.415058
4184	1908.393855	1604.797777	1617.661197	0.249449	1.264545	45.372680	0.000000	1	1.294759
579	2152.046212	778.040673	1209.005716	0.249460	0.985636	30.897424	0.000000	1	1.007489
2872	1928.770140	1010.560265	1390.734391	0.249531	1.006572	37.247495	0.000000	1	1.132166
1981	2044.060106	918.014413	1511.377173	0.249866	1.056335	29.832740	0.000000	1	1.226173
2827	2081.683496	975.733632	1479.552776	0.250695	1.288955	41.818534	0.000000	1	1.122845
3375	1879.564636	1140.724376	1428.102930	0.250794	0.860693	28.126194	0.000000	1	1.094504
2802	1905.088430	1012.769529	1401.275143	0.251186	1.150116	30.886746	0.000000	1	1.121483
1347	2185.523359	1599.643454	1170.090903	0.251260	1.149072	34.353602	0.000000	1	1.301773
2815	2282.938586	1355.798040	1392.034339	0.251482	1.162348	57.228082	0.000000	1	1.309952
1977	1948.660349	888.271582	1328.169271	0.251485	1.113185	41.397174	0.000000	1	1.001161
85	1842.611709	707.380385	1275.772075	0.251760	1.118078	50.377230	0.000000	1	1.174478
477	1876.874312	1354.271762	1280.520497	0.251930	0.832371	28.109203	0.000000	1	1.147029
637	1888.358365	1074.465277	1226.986709	0.251979	0.999184	33.460020	0.000000	1	1.369512
714	1638.040782	1437.404596	1220.113617	0.253654	1.189533	36.986611	0.000000	1	1.330745
3852	2247.551676	1274.634781	1495.401587	0.253771	1.044015	43.278519	0.000000	1	1.139398
473	1826.159875	905.867035	1279.354909	0.254342	0.869049	35.646583	0.000000	1	1.033117
2174	1943.311544	1545.286958	1522.801823	0.254568	0.966205	48.261775	0.000000	0	1.179084
354	2151.381394	1025.842123	1209.659110	0.255196	1.121270	34.111290	0.000000	0	1.228339
1972	1948.308682	833.400341	1327.292520	0.255291	0.983570	31.927177	0.000000	0	1.172046
252	1769.552427	918.755028	1203.882634	0.256038	1.107100	35.976135	0.000000	0	1.375994
54	1772.454172	753.108775	1275.379223	0.256039	0.802505	35.337610	0.000000	0	1.123244
2061	2160.591015	788.697107	1425.854537	0.256053	1.113717	54.152496	0.000000	0	1.289210
2067	1764.660559	905.838310	1343.282167	0.256210	0.972134	27.277697	0.000000	0	1.049222
2083	1928.478449	1442.996375	1471.033524	0.256310	0.781975	37.976603	0.000000	0	1.018221
235	1844.189981	660.453405	1190.392978	0.256776	0.992640	33.363471	0.000000	0	1.210823
463	1896.324327	1238.729971	1255.195947	0.257196	1.382710	44.742653	0.000000	0	1.352989
2127	2149.338237	1566.492253	1480.807079	0.257876	1.162674	42.961440	0.000000	0	1.000634
2069	2191.992432	920.368773	1473.251747	0.257942	1.043883	47.696805	0.000000	0	1.044293
2832	1874.941666	1505.517753	1587.952005	0.258690	0.745218	33.232661	0.000000	1	1.373932
4162	2077.009301	978.989889	1483.951347	0.258754	1.127784	29.157077	0.000000	1	1.087875
3832	2096.473959	1361.514029	1391.043277	0.259653	1.282470	46.820105	0.000000	0	1.062202
2126	1792.891989	1362.429821	1400.752352	0.259828	1.305307	33.260625	0.000000	0	1.122067
389	1933.188354	1091.298796	1204.991828	0.260007	1.607736	41.376588	0.000000	0	1.639021
1695	2297.453935	970.382305	1178.102998	0.260474	0.829040	42.992543	0.000000	1	1.192697
213	1758.476882	1466.295415	1190.413217	0.260608	1.038712	26.397366	0.000000	1	1.393057
2111	2130.050274	1701.994559	1501.031249	0.260707	1.261645	45.122873	0.000000	1	1.297654
53	2053.448095	561.193903	1330.820523	0.260854	1.140925	42.784432	0.000000	1	1.464208
1348	1808.659161	1672.990841	1175.560325	0.261375	1.263097	39.077940	0.000000	1	1.145799
2355	1950.097526	807.807963	1594.542992	0.261511	1.458191	37.448330	0.000000	1	1.796480
2135	2157.320550	1575.077042	1507.460475	0.261900	1.046390	45.115720	0.000000	1	1.091643
224	1638.189909	1558.517153	1185.076878	0.262095	0.768207	23.730899	0.000000	1	1.265674
502	2106.402537	1185.397266	1334.382233	0.262504	1.061123	31.023487	0.000000	1	1.064505
360	1879.028240	1734.199548	1181.726292	0.262590	0.968277	39.143334	0.000000	1	1.060365
229	2037.748881	1235.421195	1200.127884	0.262883	0.998958	45.719304	0.000000	1	1.322142
2865	2245.066667	1172.966574	1436.532091	0.263412	1.158649	61.874410	0.000000	1	1.299852
481	2132.392844	1362.577288	1317.147569	0.263848	1.350316	51.373465	0.000000	1	1.066139
545	1928.224873	1585.287977	1293.366069	0.263960	1.254103	30.209555	0.000000	1	1.218350
766	1657.185325	1191.319770	1240.412962	0.264053	1.656368	28.813556	0.000000	1	1.361027
3864	2249.937328	1389.552398	1552.373348	0.264054	1.356807	49.483573	0.000000	1	1.257055
810	2016.058433	1621.788795	1376.495523	0.264224	1.056768	28.357116	0.000000	1	1.185300
1944	2091.725796	905.303061	1486.289381	0.264448	0.812018	25.381760	0.000000	1	1.075712
621	1960.921163	1647.495965	1246.880347	0.264646	1.406764	33.511753	0.000000	1	1.195416
3973	2089.439878	941.678328	1505.557500	0.265067	1.476179	29.874089	0.000000	1	1.078560
299	2296.335670	1000.111830	1194.272380	0.265111	0.807416	34.146282	0.000000	1	1.171838
3364	2196.681554	919.862572	1474.496423	0.265139	0.990729	41.885503	0.000000	1	1.015947
4344	1685.296073	1433.908389	1461.952183	0.265525	1.125076	31.428569	0.000000	1	1.554466
779	2266.554965	1490.082425	1344.579155	0.265539	1.383788	49.659849	0.000000	1	1.631655
1555	1872.848575	1627.815344	1093.539546	0.265930	1.567200	34.798399	0.000000	1	1.348165
3831	2059.718502	1365.206164	1398.676886	0.265988	0.875256	35.189868	0.000000	1	1.036905
2167	2032.179768	1523.609251	1534.243295	0.266900	1.257420	27.235262	0.000000	1	1.205549
1958	2257.102079	870.719121	1410.340488	0.267271	0.994497	39.925899	0.000000	1	1.456928
276	2175.040690	896.911833	1196.806090	0.267293	1.106724	35.512746	0.000000	1	1.051209
2014	1764.078881	952.662493	1402.538989	0.267727	0.981309	32.181244	0.000000	1	1.456196
789	2195.959520	1586.687469	1374.367802	0.268053	0.918745	41.273267	0.000000	1	1.057707
3825	1958.447264	1341.173167	1352.330191	0.268056	0.931692	29.718748	0.000000	1	1.191574
2273	1791.622702	1511.573617	1511.239821	0.268182	1.054620	46.212040	0.000000	1	1.169852
2036	1966.046858	799.897036	1516.268322	0.268421	0.889930	36.207824	0.000000	1	1.053267
308	2191.464141	973.769760	1179.712211	0.268915	0.948327	35.640105	0.000000	1	1.263127
5156	1686.167939	1264.842793	1329.377870	0.269992	1.227153	34.770328	0.000000	1	1.350345
216	1963.304737	1294.589550	1181.422563	0.270026	1.144352	28.819536	0.000000	1	1.432946
102	2120.967684	600.664171	1340.291569	0.270187	1.187776	53.321285	0.000000	1	1.317241
2173	1773.574192	1467.651994	1430.136163	0.270475	1.341885	30.275904	0.000000	1	1.166357
2074	1915.520307	1439.496156	1409.497362	0.270877	0.867167	36.398315	0.000000	1	1.044815
2863	2283.473443	1060.963049	1458.053795	0.271214	1.139220	39.154481	0.000000	1	1.485410
1963	1917.274629	948.781945	1325.248878	0.271640	1.327658	28.702596	0.000000	1	1.262826
59	1869.322202	730.449986	1237.943293	0.271980	1.079504	32.528178	0.000000	1	1.265674
350	1645.589599	1525.936828	1183.435327	0.274435	1.191852	44.716657	0.000000	1	1.208766
321	2096.281534	830.683757	1198.905048	0.274682	1.235462	39.420460	0.000000	1	1.011691
4174	1919.985677	1568.220293	1613.814710	0.274775	0.945037	45.558007	0.000000	1	1.047448
1930	1751.129009	901.836270	1419.860064	0.275046	1.029831	33.243099	0.000000	1	1.507161
2102	1878.503184	1563.929239	1544.632419	0.275336	1.016312	36.920868	0.000000	1	1.130785
702	2296.995195	1147.884076	1285.846674	0.275862	1.121441	51.649726	0.000000	1	1.224084
2251	1660.083969	951.689082	1397.867237	0.276104	1.340706	26.473783	0.000000	1	1.796028
602	1838.915695	1460.295985	1213.923790	0.276117	0.762529	24.719027	0.000000	1	1.012065
3130	2165.750844	1150.707964	1329.267540	0.276289	1.030863	31.739094	0.000000	1	1.048373
3128	1889.768352	1036.967873	1272.097379	0.277456	0.853269	34.471356	0.000000	1	1.080994
517	2092.398376	1778.345055	1292.821069	0.277760	0.980389	41.630959	0.000000	1	1.191707
1005	2042.798014	473.897704	1155.057481	0.277861	0.880600	24.462629	0.000000	1	1.118574
628	2200.462201	985.444976	1243.855277	0.278286	1.106235	37.052436	0.000000	1	1.626378
2263	1899.697702	1398.943213	1409.571724	0.279573	0.949545	36.824086	0.000000	1	1.221480
2162	1838.790362	1429.028192	1425.558716	0.279739	1.074116	42.966745	0.000000	1	1.062959
240	1942.305649	815.894514	1185.373458	0.280829	1.138729	37.933701	0.000000	1	1.337114
390	1545.616125	1492.198897	1194.493230	0.281731	1.350954	24.308446	0.000000	1	1.095457
487	2238.343014	847.557933	1293.236464	0.282821	1.484521	30.016900	0.000000	1	1.205230
475	1773.125098	1376.146128	1250.336288	0.283397	0.764855	31.633626	0.000000	1	1.045130
2837	1922.196904	1484.834839	1592.758058	0.283670	1.191201	40.858535	0.000000	1	1.252947
3649	2098.777211	1249.560367	1401.694821	0.283739	1.102158	35.905312	0.000000	1	1.166409
2235	1989.657411	1490.005107	1572.776640	0.283864	0.957465	40.376792	0.000000	1	1.257726
491	1822.210381	838.414956	1285.851834	0.283954	1.056663	28.545062	0.000000	1	1.154155
903	1771.667176	1378.106281	1226.866736	0.284865	1.143117	31.829508	0.000000	1	1.118597
3861	1828.127420	1104.334026	1388.808306	0.285201	0.730472	22.071823	0.000000	1	1.003309
5163	1855.760808	787.506628	1213.031934	0.285850	0.998273	28.817454	0.000000	1	1.086683
335	1574.935743	886.125454	1194.249277	0.286100	1.059714	23.295357	0.000000	1	1.438710
3373	1800.989694	1066.603119	1388.088835	0.287022	1.355707	23.956470	0.000000	1	1.338576
339	2156.462576	1291.571066	1220.122042	0.287823	1.433630	38.331662	0.000000	1	1.279368
3821	2062.708136	1107.956196	1361.900715	0.288003	1.024850	34.007703	0.000000	1	1.134493
2223	1691.479371	1465.044212	1456.565124	0.288063	0.934883	27.671889	0.000000	1	1.343233
3855	2061.813243	1141.921083	1473.629226	0.288342	0.916667	26.724486	0.000000	1	1.087470
270	2180.076248	1672.400414	1232.452732	0.288535	0.990733	42.037083	0.000000	1	1.333919
2084	1981.325194	1486.668842	1520.115591	0.289056	1.162806	26.210739	0.000000	1	1.038405
778	1886.946654	860.395113	1246.331202	0.289202	1.191653	37.053138	0.000000	1	1.332581
3126	2248.939455	1113.371919	1320.248040	0.289376	1.274783	38.818615	0.000000	1	1.390587
297	2030.916683	1638.501165	1190.477715	0.289682	1.016626	40.803665	0.000000	1	1.218080
3456	1650.723600	1383.443530	1432.021284	0.290119	1.345318	30.011752	0.000000	1	1.140044
209	1992.853059	888.348185	1180.561627	0.290190	1.469423	31.519850	0.000000	1	1.411803
3811	1842.586822	1119.901980	1305.144740	0.291094	0.921341	31.535828	0.000000	1	1.249271
712	2095.425517	1229.979851	1246.250261	0.291401	1.306584	41.632999	0.000000	1	1.330881
2147	1615.128227	1350.915084	1331.759877	0.291770	1.389363	28.097212	0.000000	1	1.161552
249	1905.033378	925.021654	1181.315707	0.294044	1.057320	41.374902	0.000000	1	1.161385
2212	2043.219354	1666.583496	1620.826737	0.294191	0.993759	38.320846	0.000000	1	1.065118
2208	1708.594648	936.215531	1414.492649	0.294618	0.974711	23.558926	0.000000	1	1.075616
466	2134.297740	1248.131566	1336.128664	0.295010	1.924178	36.664042	0.000000	1	1.054369
2254	1620.007686	1308.632374	1341.933431	0.296246	1.168426	36.160141	0.000000	1	1.315771
210	2098.569746	775.454161	1180.603979	0.296759	1.258459	32.314176	0.000000	1	1.469419
1955	2188.241689	683.952870	1393.720786	0.297943	1.422478	43.983907	0.000000	1	1.469519
1333	2091.056920	1032.446582	1170.884129	0.298361	1.170052	25.054719	0.000000	1	1.728058
4176	1956.301705	1579.543103	1650.149472	0.298394	1.405594	39.456935	0.000000	1	1.292054
720	2124.025711	1258.601912	1264.819665	0.298402	1.234507	35.621162	0.000000	1	1.444062
1937	2185.523562	779.364431	1497.994808	0.298906	1.296187	50.584072	0.000000	1	1.456831
3814	2279.891665	1012.870852	1364.539634	0.299314	1.270841	41.452749	0.000000	1	1.544905
2420	1943.215516	726.166553	1640.891921	0.299885	0.514300	17.012384	0.000000	1	-1.000000
4924	2014.176128	1608.460977	1677.534010	0.300214	1.316325	34.703950	0.000000	1	1.384209
3850	2214.176154	1363.415379	1388.477836	0.300539	1.117632	42.055818	0.000000	1	1.205875
770	2085.637474	969.344317	1289.414375	0.301791	1.371018	36.832519	0.000000	1	1.234502
2811	1790.790958	1515.506003	1523.204925	0.302632	1.340933	29.088008	0.000000	1	1.036685
266	1796.915602	1493.529158	1209.320627	0.303453	1.836386	28.830834	0.000000	1	1.001576
670	2272.126664	1272.403027	1280.566853	0.304033	1.575415	46.548521	0.000000	1	1.398229
29	1876.508778	675.774743	1264.947416	0.306452	1.071834	34.969190	0.000000	1	1.024099
2093	1913.626247	1573.018634	1561.053204	0.306589	0.506655	18.551662	0.000000	1	1.015514
2035	2051.216980	706.762398	1510.511891	0.306889	1.079465	19.635328	0.000000	1	1.155921
2828	2160.514883	1437.336508	1658.480181	0.306910	1.289305	41.714658	0.000000	1	1.108813
2013	1800.353928	909.155106	1400.726138	0.307242	1.428952	31.695593	0.000000	1	1.107079
467	2301.247963	1316.717913	1314.827006	0.307605	1.198986	47.127543	0.000000	1	1.141696
581	2063.586880	1020.055861	1217.707766	0.308105	1.113410	26.580150	0.000000	1	1.008077
3839	1865.945601	1061.717802	1330.633847	0.308392	1.709144	25.230478	0.000000	1	1.084161
3849	2278.192233	1281.723187	1411.940511	0.308983	1.605098	35.326104	0.000000	1	1.066174
3851	2286.245010	1244.075662	1419.292162	0.309337	1.503345	40.015982	0.000000	1	1.195987
1866	1977.264470	1738.570146	1076.600497	0.309350	1.005097	35.319180	0.000000	1	1.143875
2011	2024.563327	967.680156	1484.490786	0.309923	1.303104	28.663449	0.000000	1	1.239962
2803	1839.516765	1173.519183	1257.233783	0.310266	1.003606	31.038484	0.000000	1	1.095447
4178	2065.977618	1642.533596	1700.608901	0.310872	1.014576	36.195384	0.000000	1	1.170211
359	2149.785917	1778.015588	1192.077526	0.312040	1.038190	47.629303	0.000000	1	1.230337
295	2012.106600	1925.792200	1207.779496	0.313524	1.167516	38.863450	0.000000	1	1.346984
1383	1968.299799	1771.771434	1147.281149	0.313899	1.354724	29.033790	0.000000	1	1.010820
254	2121.860694	1260.479071	1184.725171	0.314665	1.287848	33.902101	0.000000	1	1.202289
1452	1802.739727	1595.131301	1134.223568	0.316140	1.123872	41.093152	0.000000	1	1.192371
821	1762.782499	1376.555840	1284.760244	0.316332	0.868578	19.557671	0.000000	1	1.066668
303	1611.006880	1570.844334	1189.897535	0.318364	1.799797	22.435828	0.000000	1	1.041977
104	1953.190028	714.591427	1328.179685	0.319658	0.977055	28.492100	0.000000	1	1.116342
30	1855.308536	790.713779	1274.269144	0.320027	1.254733	40.645143	0.000000	1	1.147275
401	1971.767827	1600.533251	1371.462808	0.320196	1.015279	27.677626	0.000000	1	1.215621
387	2131.811487	1664.724877	1189.145885	0.320240	0.892735	34.552310	0.000000	1	1.595723
5159	2245.567220	1249.594193	1478.188041	0.320764	1.802377	34.837600	0.000000	1	1.005970
3846	1897.703377	1350.330256	1337.364018	0.321286	1.737719	32.892858	0.000000	1	1.246260
3113	1775.528882	998.252462	1438.443141	0.321643	0.716118	20.879846	0.000000	1	1.283212
355	1892.563512	1283.992267	1197.327644	0.321895	1.404176	23.318238	0.000000	1	1.183874
617	1923.676259	810.223235	1218.755866	0.322446	1.188432	29.397674	0.000000	1	1.164539
2871	2099.265033	1201.799932	1440.710512	0.322588	1.109154	33.257770	0.000000	1	1.051370
3654	2002.344647	1029.526239	1395.689604	0.322892	1.684715	34.217723	0.000000	1	1.256458
1341	2146.635199	854.660589	1169.540908	0.323419	1.588393	21.556019	0.000000	1	1.040675
2163	2161.889300	1600.664507	1582.192972	0.323755	1.312378	41.741490	0.000000	1	1.326822
2042	1920.108183	821.531502	1498.320291	0.324227	1.103493	23.177486	0.000000	1	1.009831
4157	2093.755650	1619.135462	1675.096000	0.325143	1.018057	36.740534	0.000000	1	1.118845
606	1927.764999	1227.102168	1231.764365	0.325613	1.274401	28.676440	0.000000	1	1.068705
845	1714.067455	1413.383881	1297.495588	0.326478	1.187634	24.379580	0.000000	1	1.147709
2268	2116.645873	1430.301254	1622.040062	0.326796	1.018777	29.210170	0.000000	1	1.014435
597	2007.452138	1103.908347	1218.456971	0.327246	1.845625	36.652038	0.000000	1	1.339286
3833	2033.055409	1011.573007	1393.285033	0.327298	1.677163	32.675843	0.000000	1	1.124390
3848	1988.123383	1211.961053	1343.886137	0.329552	0.947408	29.304822	0.000000	0	1.128928
769	1835.603907	1126.628008	1253.329296	0.329810	1.063164	30.202133	0.000000	0	1.043825
2110	1783.233189	1422.803705	1366.959591	0.330810	1.268590	37.726674	0.000000	0	1.098750
264	1688.233049	1597.894299	1196.608549	0.331087	1.859793	25.799537	0.000000	0	1.028373
2976	1800.999357	983.464966	1430.039811	0.332232	1.453219	33.483297	0.000000	0	1.137382
784	2060.797844	1441.367846	1349.517957	0.332335	1.591108	37.335225	0.000000	0	1.136399
100	2047.519676	628.230684	1348.445631	0.333365	1.000013	32.115702	0.000000	0	1.033527
1968	2017.653446	923.169975	1381.345043	0.333671	1.616784	33.170124	0.000000	0	1.199318
2857	2237.169799	1437.834325	1442.331545	0.334385	1.184610	42.195575	0.000000	0	1.105106
212	2211.261066	1675.208824	1177.702381	0.335023	0.871105	33.043593	0.000000	0	1.272891
83	1890.001842	586.890226	1294.739601	0.335389	0.822957	23.256459	0.000000	0	1.018097
368	1823.926042	1396.432269	1189.193100	0.335495	0.985180	19.931026	0.000000	0	1.060503
707	2038.771405	1207.446677	1272.316934	0.335772	0.968346	27.124943	0.000000	0	1.142866
2817	1640.322569	1297.951318	1361.004758	0.335775	1.668903	25.633369	0.000000	0	1.221543
255	2151.469391	1330.824027	1165.932989	0.336778	1.275856	33.406875	0.000000	0	1.438467
703	2276.686364	1195.923852	1278.911107	0.337052	1.659321	56.082612	0.000000	0	1.001860
2270	1718.863327	1396.510223	1451.850491	0.337181	1.337234	32.949204	0.000000	0	1.502585
256	2193.272720	1355.066146	1172.568797	0.338654	0.985878	23.963969	0.000000	0	1.081245
2253	2055.554457	767.289597	1588.325207	0.338986	1.358911	24.132011	0.000000	0	1.228066
4404	1982.498019	1667.513046	1689.433348	0.339588	1.024695	35.058566	0.000000	0	1.223716
618	2219.953182	740.917440	1252.695681	0.340124	1.479881	43.173871	0.000000	0	1.052672
1979	1957.958064	959.090037	1336.659887	0.340571	0.915696	25.017632	0.000000	0	1.123620
622	1891.444520	1667.824653	1213.690260	0.340993	1.553365	35.621140	0.000000	0	1.272563
799	1801.651880	1392.462732	1309.913549	0.342275	1.326641	25.720487	0.000000	0	1.144403
2840	2056.066964	1697.666071	1687.672624	0.342311	0.907570	25.730761	0.000000	0	1.640499
603	2049.987236	1629.742284	1209.048440	0.342963	1.065333	17.562012	0.000000	0	1.090435
261	2244.678126	1552.776346	1169.972457	0.343013	1.518811	34.873256	0.000000	0	1.020718
2986	1956.240985	919.414593	1507.600340	0.344411	1.336475	35.313328	0.000000	0	1.208945
590	1671.829158	1147.371183	1206.926182	0.344587	1.249095	25.312280	0.000000	0	1.090202
490	1703.868952	1052.870533	1245.402298	0.344725	1.191041	20.053084	0.000000	0	1.055256
259	2017.912885	1168.202363	1181.576263	0.344758	1.681163	32.186032	0.000000	0	1.172667
217	1903.893783	1240.991361	1189.605289	0.344914	1.153253	25.146820	0.000000	0	1.344019
1691	1967.102219	771.735992	1180.150702	0.346592	1.333056	36.857586	0.000000	0	1.083409
1832	1844.611731	1646.193887	1165.605827	0.346628	1.482286	36.892251	0.000000	0	1.051098
1692	1990.186170	790.262803	1178.164666	0.347102	2.303610	27.580971	0.000000	0	1.093250
1394	2165.806354	1574.727936	1171.743410	0.348496	1.022687	26.077626	0.000000	0	1.371148
3867	2213.789036	1387.823036	1571.629677	0.348902	1.569121	36.422417	0.000000	0	1.213559
1980	2166.782163	934.533313	1355.344269	0.349067	0.758313	20.146152	0.000000	0	1.126113
2910	2101.049698	1541.377694	1694.359451	0.349646	0.994031	33.682777	0.000000	0	1.279142
1560	1837.235155	1626.984939	1104.467344	0.349686	1.183595	30.520501	0.000000	0	1.025257
293	2212.205207	1386.256711	1180.466796	0.350230	1.507790	45.357006	0.000000	1	1.085299
2048	2030.868704	836.932453	1495.764487	0.350825	1.521836	22.282534	0.000000	1	1.039366
4513	1996.598818	911.776655	1530.567140	0.351959	1.105635	19.419444	0.000000	1	1.341743
2477	2001.582848	764.425809	1633.762489	0.352638	1.610598	27.181021	0.000000	1	1.324038
499	2139.775694	1314.155957	1317.612962	0.353318	1.538149	32.632885	0.000000	1	1.280382
1330	2125.900269	938.340974	1171.934976	0.353508	1.299117	21.109125	0.000000	1	1.545677
1393	1922.950573	1858.384079	1166.095374	0.353756	1.577634	27.654770	0.000000	1	1.466691
1957	2056.455121	881.425651	1367.929028	0.353882	1.235288	31.491641	0.000000	1	1.152161
1885	1902.584462	842.497586	1294.837919	0.354147	1.415981	33.607992	0.000000	1	1.154829
479	2213.444676	1333.444437	1348.638986	0.355521	1.730453	30.535354	0.000000	1	1.287248
2043	2143.196274	768.991750	1548.845500	0.356849	1.581606	37.326831	0.000000	1	1.299038
3648	2188.426801	1288.233127	1394.633827	0.359651	1.482478	31.156025	0.000000	1	1.168392
2170	1710.972916	1458.549148	1407.852740	0.360473	1.079574	27.169923	0.000000	1	1.090421
320	1790.306827	975.014248	1186.030577	0.361227	1.749546	26.285862	0.000000	1	1.329557
211	2203.402740	1407.926600	1191.039203	0.362984	1.497613	35.599194	0.000000	1	1.047164
3982	2145.402598	1084.039993	1534.583122	0.363249	1.640807	24.602267	0.000000	1	1.070201
1973	2180.485751	709.597989	1365.779730	0.364787	1.520240	39.882820	0.000000	1	1.200246
2095	2090.580342	1674.462855	1637.453791	0.364843	0.896355	22.863787	0.000000	1	1.043343
2265	1883.188147	1379.006688	1495.009898	0.365048	1.482561	35.094512	0.000000	1	1.120093
2056	1646.985004	944.928925	1374.380081	0.365299	1.089173	18.070542	0.000000	1	1.357491
484	2167.476331	788.101491	1290.147549	0.369508	1.004419	27.356568	0.000000	1	1.044990
1395	1990.600078	1482.790314	1174.052967	0.369821	1.037464	25.259769	0.000000	1	1.037927
3647	1977.784367	1177.756761	1344.228211	0.370572	1.185843	28.916546	0.000000	1	1.003963
515	1637.703193	1410.216483	1246.286387	0.370583	1.712424	25.247482	0.000000	1	1.164824
2085	1859.481373	1422.556229	1435.305194	0.370729	0.899633	26.646193	0.000000	1	1.016613
638	2011.072565	1092.693621	1234.201454	0.372194	1.400736	24.791525	0.000000	1	1.187904
3114	2148.100880	864.955890	1611.311554	0.372700	1.283097	29.763103	0.000000	1	1.106463
1342	2271.734159	880.995181	1175.585032	0.372884	1.180211	30.501249	0.000000	1	1.469662
218	2309.305308	1063.646650	1177.085622	0.376989	1.010591	31.456443	0.000000	1	1.049405
4372	2060.420922	1577.105035	1702.705648	0.377182	1.358465	26.834729	0.000000	1	1.244342
332	1567.021039	912.203188	1191.601191	0.377250	0.986013	17.336502	0.000000	1	1.268854
2233	1817.396295	1383.794153	1482.346469	0.377630	1.912994	36.178364	0.000000	1	1.269070
277	1873.580651	1007.488760	1189.468545	0.381203	1.651534	22.450624	0.000000	1	1.017612
2012	1901.185338	963.645688	1466.603684	0.381450	1.271014	25.622840	0.000000	1	1.046592
2076	2096.784629	1486.693197	1415.773960	0.381838	0.872016	20.135487	0.000000	1	1.003889
1397	2081.421186	1660.049971	1180.260349	0.382380	1.316285	25.290660	0.000000	1	1.110629
2577	1909.454553	772.630839	1637.043704	0.384166	1.317410	20.593444	0.000000	1	2.705013
2096	1946.574768	1635.690961	1600.976607	0.386253	0.565331	14.197812	0.000000	1	1.037484
220	2068.200120	1298.275731	1175.954502	0.386637	1.348411	23.261908	0.000000	1	1.845719
265	1692.952903	1164.024947	1190.968084	0.388622	1.569874	21.733459	0.000000	1	1.150088
333	1707.660113	982.583966	1169.725756	0.389992	1.717236	26.683564	8.437349	1	1.045091
241	2214.326021	717.992605	1224.952970	0.390121	0.834787	28.719819	0.000000	1	1.108833
2255	1875.735278	1366.271022	1437.851995	0.391260	1.890076	36.726649	0.000000	1	1.100330
67	1841.556120	627.627865	1295.638484	0.391277	1.217341	21.930731	0.000000	1	1.543297
2810	2022.880692	1488.203208	1600.066126	0.392222	1.068548	16.695546	0.000000	1	1.143639
874	2245.225398	936.895382	1277.919633	0.392319	1.018502	25.180095	0.000000	1	1.200199
2835	1702.191034	1308.406602	1413.094293	0.392519	1.593386	31.577441	0.000000	1	1.148105
990	1750.645999	1397.950500	1191.693051	0.395542	1.060678	16.643630	0.000000	1	1.036697
345	1940.074537	1050.073531	1193.119533	0.395605	1.887820	24.836197	0.000000	1	1.143514
222	2024.857504	1338.305033	1189.340791	0.396854	1.086186	22.752188	0.000000	1	1.075539
4196	2163.412793	862.630921	1609.606659	0.398323	1.772459	33.362012	0.000000	1	1.035288
1959	2095.375910	706.673429	1389.155982	0.398524	1.391236	25.024586	0.000000	1	1.090280
36	2028.986366	542.324117	1284.989321	0.398648	1.298375	28.433918	0.000000	1	1.174604
340	2262.293125	1297.354101	1174.382275	0.399047	1.330451	28.745823	0.000000	1	1.039709
292	2190.923761	1350.022591	1192.921776	0.399306	1.445854	24.336277	0.000000	1	1.005685
1696	2149.496081	1061.185801	1165.404829	0.400060	1.462392	17.950200	0.000000	1	1.101968
2139	1750.928293	1421.639811	1366.224340	0.400289	1.510076	20.028690	0.000000	1	1.052027
2806	2301.848676	1069.446880	1349.772219	0.400621	1.644346	31.487153	0.000000	1	1.328410
3189	2299.737113	1106.528886	1317.712829	0.400858	1.067182	24.352152	0.000000	1	1.145153
2819	2271.620346	1432.877501	1400.559483	0.402170	0.995664	25.951091	0.000000	1	1.182237
1690	2112.957626	703.106848	1173.891754	0.404104	1.263614	22.507220	0.000000	1	1.016151
1678	1976.233264	744.359961	1174.498803	0.404997	0.690029	15.147283	0.000000	1	1.076298
221	2303.886893	1309.566677	1200.138181	0.406026	1.106189	29.826544	0.000000	1	1.154508
2500	2086.875613	726.106923	1672.632583	0.408167	1.375144	33.042608	0.000000	1	1.269286
2187	1824.663096	1448.628391	1457.049368	0.409222	1.163103	23.992489	0.000000	1	1.068785
763	1622.709439	1028.081440	1215.836959	0.409490	1.788465	25.562890	0.000000	1	1.058428
3009	1995.751954	905.130898	1569.896141	0.409910	1.210680	16.482172	0.000000	1	1.823597
91	2017.481647	559.877270	1334.890172	0.410759	1.072932	18.317323	0.000000	1	1.003895
358	1731.390443	1370.013289	1197.289534	0.412065	1.777687	20.618023	0.000000	1	1.399114
636	2196.705667	726.788304	1267.988599	0.412772	1.183812	22.826545	0.000000	1	1.047464
705	2177.939127	1461.181571	1257.969923	0.415280	1.446808	31.494926	0.000000	1	1.195512
3835	2192.188045	1170.119057	1437.508783	0.417314	1.108200	26.133001	0.000000	1	1.024567
2134	2217.511903	1513.572311	1522.785322	0.417428	1.467073	30.883992	0.000000	1	1.301226
895	1812.508145	1654.779707	1227.484379	0.417983	1.750357	27.077449	0.000000	1	1.194531
37	1608.492911	874.186367	1244.202875	0.418348	1.383673	12.206409	0.000000	1	1.265787
1895	2106.000747	732.181662	1414.533171	0.420443	1.031685	23.967632	0.000000	1	1.057162
2214	2038.340757	1466.339481	1577.048850	0.426053	1.509766	27.536061	0.000000	1	1.002000
388	2022.454160	1810.966111	1193.199155	0.426793	1.519234	26.998585	0.000000	1	1.007743
1426	1850.514532	1648.933821	1124.697652	0.427133	1.424090	24.966187	0.000000	1	1.046958
3978	2128.289222	1333.485670	1552.963357	0.427724	1.373834	41.536608	0.000000	1	1.169042
400	1982.037489	1929.989791	1227.001450	0.430691	0.860428	24.305672	0.000000	1	1.356111
887	2200.140218	1398.357095	1368.620618	0.431414	1.277131	30.560467	0.000000	1	1.014735
1471	1759.383629	1595.586408	1122.131904	0.431655	1.573612	23.377368	0.000000	1	1.047072
2326	1879.171870	840.896368	1544.688419	0.431995	1.817916	22.845142	0.000000	1	2.087710
1547	1927.091871	1755.857975	1082.883507	0.432928	1.549255	28.820089	0.000000	1	1.106595
239	1950.907643	1466.804284	1196.036321	0.434994	0.797792	15.809020	0.000000	1	1.112291
3998	2121.268404	1341.059020	1548.761508	0.436639	1.777066	21.066711	0.000000	1	1.005085
4165	2264.631139	1200.926975	1572.276953	0.439938	1.017273	21.565028	0.000000	1	1.270313
1542	2109.472823	1465.292677	1174.723309	0.440240	1.156304	30.422408	0.000000	1	1.117085
3965	1673.961499	1112.994082	1350.500017	0.441750	2.001555	19.561689	0.000000	1	1.138493
812	2193.027716	1471.957455	1423.234597	0.442673	2.259758	21.664831	0.000000	1	1.055474
375	1870.796776	1432.025471	1198.638942	0.444754	1.858291	28.951555	0.000000	1	1.052759
4084	2159.395748	1376.853895	1643.498894	0.444824	1.402648	26.149592	0.000000	1	1.055831
1350	2297.257628	1310.830621	1166.218471	0.449326	1.173207	26.583585	0.000000	1	1.043254
4029	1999.079876	1581.240678	1694.087738	0.451607	0.907590	14.173339	0.000000	1	1.127122
4403	1819.522831	1545.358854	1576.478783	0.451833	1.268547	30.633759	0.000000	1	1.276469
1353	1740.115614	1341.003757	1178.374834	0.451998	1.295457	20.226605	0.000000	1	1.037194
72	2023.398824	484.904514	1325.353817	0.452390	1.171334	32.820811	0.000000	1	1.272531
2234	1618.802638	1333.118198	1382.511824	0.452619	1.421185	21.460444	0.000000	1	1.022695
2547	1966.795237	737.154752	1648.937378	0.453291	0.453291	12.273502	0.000000	1	-1.000000
946	1937.250671	1672.340152	1066.670410	0.453686	1.193021	25.453652	0.000000	1	1.205536
494	1654.922891	1249.727402	1265.615439	0.454307	1.585481	19.707452	0.000000	1	1.085351
907	1796.270183	1619.808794	1201.002229	0.455973	1.428894	18.994872	0.000000	1	1.051588
2269	2167.608781	1514.788963	1662.658126	0.457184	1.581611	22.131239	0.000000	1	1.027623
1123	2298.849555	1265.794219	1171.373033	0.460621	1.485894	30.387269	0.000000	1	1.140904
231	2271.354688	893.002271	1193.610926	0.461053	1.332783	25.767561	0.000000	1	1.188613
476	2067.984963	1478.320736	1302.927467	0.461080	1.559564	29.326584	0.000000	1	1.363442
1425	1876.501514	1677.576048	1131.530982	0.461292	1.525837	28.291670	0.000000	1	1.037665
319	1614.010705	987.749990	1197.959769	0.461809	1.216879	16.156246	0.000000	1	1.049917
3955	2207.081678	1382.609315	1627.369069	0.462214	1.275742	27.758273	0.000000	1	1.136872
562	1911.870868	1849.446106	1220.514308	0.465352	1.541495	21.657808	0.000000	1	1.021865
591	2286.938842	1518.226692	1240.153849	0.466713	1.652935	38.775493	0.000000	1	1.438210
1351	2097.404361	1346.217446	1168.705724	0.467197	1.361507	24.925061	0.000000	1	1.403939
2082	1836.866365	1397.492960	1427.585716	0.467740	1.256356	18.618885	0.000000	1	1.023226
1874	1826.476569	1679.928377	1097.536381	0.468273	1.668478	22.476648	0.000000	1	1.269096
4452	2126.730846	1054.168974	1550.965647	0.469302	0.958482	21.842625	0.000000	1	1.379744
1117	1967.529776	1925.580435	1174.737859	0.473971	1.062560	18.848676	0.000000	1	1.202165
2073	2180.826071	1635.764522	1504.854589	0.482075	1.319266	21.288900	0.000000	1	1.230406
311	1991.053595	1027.503993	1218.276578	0.482534	1.624982	27.134791	0.000000	1	1.033797
464	2061.285586	1227.531459	1298.480863	0.484812	1.856228	15.772978	0.000000	1	1.068838
3657	2298.187540	1186.073234	1463.522342	0.485681	1.273111	18.977847	0.000000	1	1.150662
219	1922.692250	1171.183093	1190.398357	0.485792	2.275560	22.246969	0.000000	1	1.252799
78	1904.825664	757.859839	1319.477388	0.488320	1.815685	19.539850	0.000000	1	1.186207
2987	1890.486927	939.649429	1512.488402	0.493694	0.910477	24.085798	0.000000	1	1.080319
3374	2100.511002	1026.140543	1514.137658	0.495591	1.513277	27.577044	0.000000	1	1.393068
325	1751.328892	726.287611	1191.607127	0.496473	0.496473	11.195492	0.000000	1	1.129599
632	2263.079475	1440.844437	1240.484632	0.498623	1.711184	50.141970	0.000000	0	1.146186
2816	2227.458194	1458.384076	1573.024333	0.500005	1.086767	24.906302	0.000000	0	1.096575
2246	2007.337321	792.998700	1541.582595	0.500062	1.344962	20.590323	0.000000	0	1.088903
566	1643.188237	1585.013991	1220.036002	0.500367	1.500851	13.867223	0.000000	0	1.379130
1931	1631.900812	1038.127644	1260.132558	0.500926	1.559224	14.881506	0.000000	0	1.187146
1472	1879.026636	1718.368212	1090.083670	0.502683	1.759141	30.801482	0.000000	0	1.414247
301	2283.859973	1373.357211	1216.211970	0.505836	1.502248	35.371366	0.000000	0	1.518669
225	2247.506623	815.736288	1184.434104	0.509257	1.382306	26.704709	0.000000	0	1.117004
2567	1828.126346	800.179219	1571.218972	0.510338	1.110349	20.552399	0.000000	1	1.824913
144	1866.448295	621.709496	1306.616151	0.511290	0.511290	11.662238	0.000000	1	1.016784
1402	1748.722102	847.472821	1176.704732	0.511555	1.691812	20.667388	0.000000	1	1.139493
877	1939.022079	929.844632	1259.630645	0.511941	1.508138	20.254544	0.000000	1	1.011601
704	2250.725974	1464.582448	1279.072756	0.513212	1.847088	28.616137	0.000000	1	1.113604
3994	2210.086796	1319.152515	1583.283855	0.513956	1.571694	21.891297	0.000000	1	1.158535
598	1741.743752	1163.350466	1209.788089	0.517802	2.136572	20.341870	0.000000	1	1.086265
620	1867.708735	1166.653260	1217.340813	0.518516	1.579925	18.112130	0.000000	1	1.240493
2087	1849.644940	1541.711457	1500.709313	0.518958	1.583289	21.148928	0.000000	1	1.019513
573	1912.252084	1164.608998	1201.517007	0.527565	1.509947	20.323285	0.000000	1	1.153603
3133	2110.931397	948.779612	1324.910291	0.532465	1.347973	14.089466	0.000000	1	1.187792
2903	1980.434677	1511.252899	1671.787518	0.532519	1.170876	23.315108	0.000000	1	1.571560
2517	1852.021113	854.784331	1569.934746	0.537813	3.378544	19.973132	0.000000	1	1.937250
4177	1563.413088	1404.002537	1412.943150	0.540943	1.417986	13.822583	0.000000	1	1.029040
5152	2094.100068	1002.087290	1432.007759	0.544817	1.758650	19.467511	0.000000	1	1.076369
1556	1643.886016	1536.990005	1131.611739	0.546499	1.452213	16.860058	0.000000	1	1.253562
1554	2136.739291	1814.120530	1056.597738	0.547902	2.048294	23.070293	0.000000	1	1.005172
2566	1993.222812	683.367593	1682.299347	0.551951	1.574255	20.052850	0.000000	1	1.831868
1338	1792.486752	1336.196413	1182.651197	0.561838	3.301329	14.610638	0.000000	1	1.155835
5160	2128.610145	943.064729	1454.950567	0.572446	2.503021	18.284820	0.000000	1	1.059880
2953	1937.899931	1452.107594	1667.733592	0.582178	2.855427	17.244791	0.000000	1	8.775740
1304	1855.223229	1708.872727	1152.442257	0.586702	1.968921	19.723913	0.000000	1	1.143083
824	1807.860777	1504.678036	1285.689451	0.589108	1.423922	18.784780	0.000000	1	1.151777
278	2056.456711	1089.141838	1195.359596	0.589962	1.613760	13.561695	0.000000	1	1.070139
838	1603.118440	1400.087960	1262.787279	0.595679	2.475152	12.754334	0.000000	1	1.391523
2300	1988.167387	799.928060	1575.332042	0.595773	0.824028	12.663096	0.000000	1	1.187143
2128	1713.242809	1468.928281	1359.399571	0.597315	1.919672	19.092721	0.000000	1	1.021761
233	1770.170720	694.405410	1193.028606	0.599297	1.030626	11.466527	0.000000	1	1.011881
747	1786.256260	1585.106058	1248.124645	0.604214	1.726366	16.867846	0.000000	1	1.253642
611	1606.242642	1408.422903	1202.144883	0.614696	2.180893	20.461747	0.000000	1	1.100225
1540	2062.998004	1297.633937	1172.722460	0.618484	2.144066	13.137348	0.000000	1	1.037975
3980	1954.537261	997.462595	1462.098777	0.620406	1.576297	17.733929	0.000000	1	1.363022
4715	2017.159190	1478.810699	1741.392879	0.627142	1.869841	18.657423	0.000000	1	2.454932
820	2168.041892	1422.903112	1350.728577	0.629654	2.459601	15.028481	0.000000	1	1.068990
145	2047.669051	593.592154	1349.504057	0.632173	1.187844	13.278871	0.000000	1	1.331989
3370	1680.533668	1219.391209	1348.491355	0.632969	4.108043	12.217764	0.000000	1	1.109078
3865	1663.927378	1257.190503	1360.294441	0.635698	2.132441	17.358711	0.000000	1	1.616014
2247	1869.305015	866.250228	1497.097938	0.637058	1.399099	13.119984	0.000000	1	1.105421
3840	1631.666834	1113.563380	1289.341758	0.643364	3.364227	20.599100	0.000000	1	1.135240
1814	1577.175398	1460.255739	1123.711324	0.643482	1.682192	9.403081	0.000000	1	-1.000000
501	2289.367490	1393.125641	1353.195598	0.646428	1.469331	22.200946	0.000000	1	1.370093
2097	2133.480819	1648.412517	1608.881658	0.647768	1.199548	15.717443	0.000000	1	1.017542
2271	2067.026088	1490.377205	1632.405748	0.655496	1.457879	14.520341	0.000000	1	1.240824
2765	1741.614245	929.301464	1489.696585	0.664671	1.407518	11.194101	0.000000	1	-1.000000
2812	1655.399748	1312.519457	1410.604877	0.666940	1.329455	11.338172	0.000000	1	1.100213
4163	1701.083556	1122.914172	1364.503977	0.669184	0.927335	10.302953	0.000000	1	1.051975
2537	1582.337702	997.522083	1398.630152	0.685484	0.901056	10.112364	0.000000	1	-1.000000
3975	1645.843643	1255.834010	1360.622882	0.688625	2.307169	12.204928	0.000000	1	1.261120
2581	2016.005892	678.404543	1707.856880	0.693142	1.087563	19.164312	0.000000	1	1.325589
595	2307.565455	1375.630173	1263.425941	0.697635	1.510421	23.604688	0.000000	1	1.070737
1344	2001.764359	1068.575320	1174.534729	0.701312	2.090026	21.974836	0.000000	1	1.147896
32	1548.086756	912.165571	1236.806951	0.704603	1.869615	13.102160	0.000000	1	1.512740
77	2099.948292	523.491197	1362.391841	0.715242	1.528049	19.941469	0.000000	1	1.245543
592	1629.752231	979.306859	1227.829261	0.719469	1.769501	11.649595	0.000000	1	1.053019
469	2221.126042	1280.269996	1335.373702	0.721226	2.409728	22.413118	0.000000	1	1.060717
1880	1597.273011	1001.369301	1254.406529	0.730648	1.429342	13.178944	0.000000	1	1.197621
1343	1648.582197	1073.285928	1185.698950	0.737227	3.186854	15.202899	0.000000	1	1.166408
3847	2293.024953	1103.854285	1388.348843	0.742515	1.998798	19.465320	0.000000	1	1.012362
2600	1858.283786	769.424540	1613.916226	0.742798	1.097525	14.327751	0.000000	1	1.398998
608	2245.208587	1516.528325	1228.865170	0.743701	2.255160	20.607320	0.000000	1	1.101616
2423	2033.715786	689.250312	1709.933913	0.749405	2.458726	19.935076	0.000000	1	1.354247
2838	1973.531509	1659.068621	1661.227724	0.754933	1.664836	11.643449	0.000000	1	1.049787
40	1818.055555	648.555183	1283.752682	0.756780	2.245033	12.842157	0.000000	1	1.230707
1421	1932.485351	1770.699404	1134.574016	0.763684	2.197282	15.665556	0.000000	1	1.279076
290	1646.497413	1077.513724	1189.812663	0.771708	0.933709	10.003579	0.000000	1	1.531410
732	1600.205061	1417.575897	1226.773068	0.794750	1.453737	10.869700	0.000000	1	1.216242
2159	1574.422132	1397.861191	1344.046864	0.808920	3.087950	17.430351	0.000000	1	1.153382
2062	2236.321910	857.236455	1434.041903	0.825710	2.550578	16.986856	0.000000	1	1.030123
385	2091.364454	1869.279109	1158.646474	0.827918	2.273556	18.663512	0.000000	1	1.223496
4689	1857.070610	1589.470034	1624.162447	0.829976	0.829976	9.928979	0.000000	1	1.287299
2779	1801.632665	844.388631	1541.199806	0.832727	2.800245	13.601458	0.000000	1	3.714058
304	1755.850326	1718.185404	1186.896622	0.837148	3.884163	10.639881	0.000000	1	2.163013
2771	1868.896272	847.287964	1575.649631	0.842106	2.452376	16.206383	0.000000	1	1.105944
1544	2288.807044	1422.416723	1151.824999	0.862855	2.046524	17.452113	0.000000	1	1.111729
2969	2080.656039	1504.988853	1780.298389	0.865366	1.520333	11.829608	0.000000	1	7.050498
4977	1959.932077	1484.186741	1641.206623	0.878615	1.796036	12.819184	0.000000	1	1.403557
2808	2043.533772	966.408768	1328.954419	0.884061	2.513826	16.872323	0.000000	1	1.136628
996	1729.120974	801.615311	1180.032271	0.891809	2.279981	14.195837	0.000000	1	1.019816
2419	2043.174501	669.897906	1708.372805	0.912625	1.180207	13.493972	0.000000	1	1.006789
2954	1876.653551	1442.604480	1633.152805	0.924493	1.875486	17.237390	0.000000	1	1.062458
647	1607.361449	1572.025579	1221.817365	0.924820	0.924820	8.351655	0.000000	1	1.564993
4708	1974.263243	1686.539551	1704.780873	0.928920	0.928920	10.333079	0.000000	1	1.481491
2764	1774.826960	894.210339	1500.940675	0.932250	1.248353	13.287791	0.000000	1	1.390922
2435	1790.443345	890.416778	1498.190947	0.935065	1.203222	12.334081	0.000000	1	1.143868
2296	2071.234970	674.442134	1590.077249	0.938048	0.938048	11.061901	0.000000	1	-1.000000
330	1693.581600	790.806608	1196.753047	0.960468	1.353719	11.306322	0.000000	1	1.036564
76	1949.384382	523.184131	1325.893140	0.963510	2.874775	12.997211	0.000000	1	1.273029
1340	1713.469073	1650.607475	1173.427875	0.974587	1.824534	11.326299	0.000000	1	1.305116
2773	2058.190568	759.087973	1677.166305	0.974729	1.990114	14.527029	0.000000	1	1.840165
1329	1597.284885	831.054570	1185.775571	0.979281	1.193962	9.414336	0.000000	1	1.046087
2368	1780.460564	883.283121	1481.034318	0.990898	1.868290	10.427894	0.000000	1	1.079415
2875	1788.703815	1412.250243	1555.944929	0.996700	1.272430	11.907574	0.000000	1	1.185983
