['RXCJ0003.1-0605', 0.7991666666666667, -5.913888888888889, 0.232]
['RXCJ0003.2-3555', 0.8004166666666667, -34.07277777777778, 0.049]
['RXCJ0003.8+0203', 0.9608333333333334, 2.0633333333333335, 0.0924]
['RXCJ0006.0-3443', 1.5125, -33.27583333333333, 0.1147]
['RXCJ0011.3-2851', 2.83625, -27.145, 0.062]
['RXCJ0013.6-1930', 3.4095833333333334, -18.497777777777777, 0.094]
['RXCJ0014.3-6604', 3.5766666666666667, -65.9225, 0.1599]
['RXCJ0014.3-3023', 3.578333333333333, -29.616666666666667, 0.3066]
['RXCJ0015.4-2350', 3.8499999999999996, -22.155, 0.0645]
['RXCJ0017.5-3509', 4.390416666666667, -34.835, 0.0968]
['RXCJ0020.7-2542', 5.178333333333334, -24.289722222222224, 0.141]
['RXCJ0025.5-3302', 6.385, -32.952777777777776, 0.0491]
['RXCJ0027.3-5015', 6.83875, -49.74888888888889, 0.1448]
['RXCJ0028.6-2338', 7.16375, -22.36277777777778, 0.112]
['RXCJ0034.6-0208', 8.65, -1.8599999999999999, 0.0812]
['RXCJ0040.1-5607', 10.027083333333334, -55.88333333333333, 0.0277]
['RXCJ0041.8-0918', 10.45875, -8.698055555555555, 0.0555]
['RXCJ0042.1-2832', 10.53625, -27.464166666666667, 0.1082]
['RXCJ0043.4-2037', 10.851666666666667, -19.378611111111113, 0.2924]
['RXCJ0049.4-2931', 12.35, -28.475555555555555, 0.1084]
['RXCJ0052.7-8015', 13.187083333333334, -79.73361111111112, 0.1141]
['RXCJ0055.9-3732', 13.996666666666666, -36.4525, 0.1653]
['RXCJ0056.3-0112', 14.07625, -0.7833333333333333, 0.0442]
['RXCJ0057.8-6648', 14.450416666666667, -65.18777777777778, 0.0661]
['RXCJ0102.7-2152', 15.675416666666669, -20.12638888888889, 0.0569]
['RXCJ0105.5-2439', 16.395, -23.345277777777778, 0.23]
['RXCJ0106.8-0229', 16.718333333333334, -1.51, 0.1909]
['RXCJ0107.8-3643', 16.954583333333336, -35.272777777777776, 0.1186]
['RXCJ0108.1+0210', 17.047916666666666, 2.176111111111111, 0.0436]
['RXCJ0108.8-1524', 17.208750000000002, -14.59, 0.0533]
['RXCJ0108.9-1537', 17.23, -14.37111111111111, 0.097]
['RXCJ0110.0-4555', 17.501666666666665, -44.077222222222225, 0.0238]
['RXCJ0115.2+0019', 18.8, 0.33, 0.045]
['RXCJ0117.8-5455', 19.460416666666664, -53.07611111111111, 0.251]
['RXCJ0118.1-2658', 19.54625, -25.026944444444446, 0.2275]
['RXCJ0120.9-1351', 20.245416666666664, -12.141388888888889, 0.0519]
['RXCJ0125.5+0145', 21.375833333333333, 1.7622222222222224, 0.0174]
['RXCJ0125.6-0124', 21.419999999999998, -0.5927777777777778, 0.018]
['RXCJ0131.8-1336', 22.970833333333335, -12.390555555555556, 0.206]
['RXCJ0132.6-0804', 23.170416666666664, -7.927777777777778, 0.1489]
['RXCJ0137.2-0912', 24.31416666666667, -8.797222222222222, 0.0409]
['RXCJ0145.0-5300', 26.25958333333333, -52.986111111111114, 0.1168]
['RXCJ0145.2-6033', 26.319583333333338, -59.435, 0.1805]
['RXCJ0152.7+0100', 28.17625, 1.0125, 0.23]
['RXCJ0152.9-1345', 28.245833333333334, -12.246666666666666, 0.005]
['RXCJ0157.4-0550', 29.35125, -4.16, 0.1289]
['RXCJ0201.7-0212', 30.434166666666666, -1.7991666666666666, 0.196]
['RXCJ0202.3-0107', 30.58291666666667, -0.8797222222222222, 0.0427]
['RXCJ0206.4-1453', 31.625, -13.106111111111112, 0.1529]
['RXCJ0211.4-4017', 32.85625, -39.71333333333333, 0.1008]
['RXCJ0216.7-4749', 34.17625, -46.17666666666667, 0.064]
['RXCJ0217.2-5244', 34.3025, -51.253055555555555, 0.3432]
['RXCJ0220.9-3829', 35.23583333333333, -37.515277777777776, 0.228]
['RXCJ0225.1-2928', 36.293749999999996, -28.52611111111111, 0.0604]
['RXCJ0225.9-4154', 36.477500000000006, -40.09027777777778, 0.2195]
['RXCJ0229.3-3332', 37.34291666666667, -32.46222222222222, 0.0792]
['RXCJ0230.7-3305', 37.68125, -32.90138888888889, 0.076]
['RXCJ0231.9+0114', 37.98791666666666, 1.2444444444444445, 0.0221]
['RXCJ0232.2-4420', 38.07000000000001, -43.6525, 0.2836]
['RXCJ0236.6-1923', 39.1675, -18.613055555555555, 0.0907]
['RXCJ0237.4-2630', 39.37166666666666, -25.495277777777776, 0.2216]
['RXCJ0248.0-0332', 42.00833333333333, -2.4625, 0.1883]
['RXCJ0249.6-3111', 42.403749999999995, -30.81138888888889, 0.023]
['RXCJ0250.2-2129', 42.571666666666665, -20.50111111111111, 0.207]
['RXCJ0252.8-0116', 43.20583333333333, -0.7258333333333333, 0.0235]
['RXCJ0301.6+0155', 45.405, 1.919722222222222, 0.1712]
['RXCJ0303.3+0155', 45.837916666666665, 1.926388888888889, 0.153]
['RXCJ0303.7-7752', 45.94333333333333, -76.13083333333333, 0.2742]
['RXCJ0304.1-3656', 46.03, -35.056666666666665, 0.2192]
['RXCJ0307.0-2840', 46.76708333333333, -27.329444444444444, 0.2537]
['RXCJ0311.4-2653', 47.854166666666664, -25.100277777777777, 0.0685]
['RXCJ0314.3-4525', 48.5825, -44.575833333333335, 0.0718]
['RXCJ0317.9-4414', 49.493750000000006, -43.76111111111111, 0.0752]
['RXCJ0322.2-5310', 50.55291666666667, -52.82194444444445, 0.0797]
['RXCJ0322.3-4121', 50.5775, -40.64055555555556, 0.0643]
['RXCJ0328.6-5542', 52.15625, -54.28722222222222, 0.0853]
['RXCJ0330.0-5235', 52.502916666666664, -51.403888888888886, 0.0624]
['RXCJ0331.1-2100', 52.78041666666667, -20.996666666666666, 0.188]
['RXCJ0334.9-5342', 53.73416666666667, -52.297777777777775, 0.0619]
['RXCJ0336.3-4037', 54.07791666666667, -39.37777777777778, 0.1729]
['RXCJ0336.3-0347', 54.095416666666665, -2.208611111111111, 0.1595]
['RXCJ0337.0-3949', 54.25, -38.18, 0.103]
['RXCJ0338.4-3526', 54.61625, -34.55166666666667, 0.0051]
['RXCJ0340.1-5503', 55.03583333333333, -54.94611111111111, 0.0464]
['RXCJ0340.1-1835', 55.0475, -17.4125, 0.0056]
['RXCJ0340.6-0239', 55.174166666666665, -1.3341666666666665, 0.0352]
['RXCJ0340.8-4542', 55.205416666666665, -44.29472222222222, 0.0698]
['RXCJ0342.8-5338', 55.724583333333335, -52.36472222222222, 0.059]
['RXCJ0345.7-4112', 56.44041666666667, -40.7925, 0.0603]
['RXCJ0345.9-2416', 56.48333333333333, -23.719722222222224, 0.1057]
['RXCJ0346.1-5702', 56.54, -56.95, 0.057]
['RXCJ0347.0-2900', 56.75083333333333, -28.996388888888887, 0.1419]
['RXCJ0351.1-8212', 57.78708333333333, -81.78333333333333, 0.0613]
['RXCJ0352.3-5453', 58.08625, -53.11416666666667, 0.0447]
['RXCJ0358.8-2955', 59.71041666666667, -28.078333333333333, 0.1681]
['RXCJ0359.1-0320', 59.788333333333334, -2.658888888888889, 0.122]
['RXCJ0408.2-3053', 62.067499999999995, -29.105555555555554, 0.06]
['RXCJ0413.9-3805', 63.48791666666666, -37.9, 0.0501]
['RXCJ0419.6+0224', 64.9075, 2.4138888888888888, 0.0131]
['RXCJ0425.8-0833', 66.46416666666666, -7.440833333333334, 0.0397]
['RXCJ0429.1-5350', 67.2825, -52.1525, 0.04]
['RXCJ0431.4-6126', 67.85041666666666, -60.556111111111115, 0.0589]
['RXCJ0433.6-1315', 68.41, -12.740833333333333, 0.0326]
['RXCJ0437.1-2027', 69.28, -19.54277777777778, 0.155]
['RXCJ0437.1+0043', 69.29208333333332, 0.7272222222222222, 0.2842]
['RXCJ0438.9-2206', 69.72791666666667, -21.886388888888888, 0.067]
['RXCJ0445.1-1551', 71.29166666666667, -14.149722222222222, 0.036]
['RXCJ0448.2-2028', 72.05083333333333, -19.530277777777776, 0.072]
['RXCJ0449.9-4440', 72.48, -43.32194444444445, 0.1501]
['RXCJ0454.1-1014', 73.53791666666666, -9.761388888888888, 0.2475]
['RXCJ0454.8-1806', 73.70958333333333, -17.890833333333333, 0.0335]
['RXCJ0500.7-3840', 75.19375, -37.32194444444445, 0.0536]
['RXCJ0501.3-0332', 75.33083333333333, -2.4575, 0.0913]
['RXCJ0501.6+0110', 75.41291666666666, 1.175, 0.1248]
['RXCJ0507.6-0238', 76.9, -1.3599999999999999, 0.1241]
['RXCJ0507.7-0915', 76.94041666666666, -8.745555555555555, 0.0398]
['RXCJ0510.2-4519', 77.55791666666667, -44.67888888888889, 0.2]
['RXCJ0510.7-0801', 77.68625, -7.9816666666666665, 0.2195]
['RXCJ0514.6-4903', 78.65125, -48.945, 0.0912]
['RXCJ0516.6-5430', 79.15833333333333, -53.48583333333333, 0.2952]
['RXCJ0521.4-4049', 80.37333333333333, -39.17527777777778, 0.0756]
['RXCJ0525.5-3135', 81.38666666666666, -30.404444444444444, 0.038]
['RXCJ0525.8-4715', 81.465, -46.74944444444444, 0.1913]
['RXCJ0528.2-2942', 82.06416666666667, -28.284166666666668, 0.1582]
['RXCJ0528.9-3927', 82.23458333333333, -38.53722222222222, 0.2839]
['RXCJ0530.6-2226', 82.66, -21.551666666666666, 0.1706]
['RXCJ0532.3-1131', 83.09625, -10.469444444444445, 0.154]
['RXCJ0532.9-3701', 83.23125, -36.97555555555556, 0.2708]
['RXCJ0533.3-3619', 83.32708333333333, -35.67444444444445, 0.0479]
['RXCJ0538.2-2037', 84.56791666666668, -19.376944444444444, 0.0915]
['RXCJ0540.1-4050', 85.02624999999999, -39.15777777777778, 0.0358]
['RXCJ0540.1-4322', 85.04166666666666, -42.617777777777775, 0.085]
['RXCJ0542.1-2607', 85.53875, -25.87638888888889, 0.039]
['RXCJ0543.4-4430', 85.85166666666667, -43.49472222222222, 0.1637]
['RXCJ0545.4-2556', 86.36333333333333, -24.06111111111111, 0.0424]
['RXCJ0545.5-4756', 86.3775, -46.059444444444445, 0.1254]
['RXCJ0547.6-3152', 86.90916666666666, -30.12472222222222, 0.1483]
['RXCJ0547.7-4723', 86.94, -46.61, 0.0515]
['RXCJ0548.6-2527', 87.16458333333334, -24.541666666666668, 0.042]
['RXCJ0548.8-2154', 87.21000000000001, -20.088055555555556, 0.0928]
['RXCJ0552.8-2103', 88.21833333333333, -20.943055555555556, 0.0989]
['RXCJ0557.2-3727', 89.305, -36.53388888888889, 0.0442]
['RXCJ0600.8-5835', 90.20125, -57.41277777777778, 0.0369]
['RXCJ0601.7-3959', 90.44041666666666, -38.007222222222225, 0.0468]
['RXCJ0605.8-3518', 91.47, -34.699444444444445, 0.1392]
['RXCJ0607.0-4928', 91.75583333333334, -48.516666666666666, 0.0553]
['RXCJ0616.5-3948', 94.13083333333334, -38.19972222222222, 0.152]
['RXCJ0616.8-4748', 94.22333333333333, -46.195, 0.1164]
['RXCJ0621.7-5242', 95.43166666666667, -51.29694444444444, 0.0511]
['RXCJ0624.6-3720', 96.15291666666667, -36.66416666666667, 0.0333]
['RXCJ0626.3-5341', 96.595, -52.30444444444444, 0.0514]
['RXCJ0627.1-3529', 96.78416666666666, -34.51111111111111, 0.0554]
['RXCJ0627.2-5428', 96.81, -53.53, 0.0506]
['RXCJ0628.8-4143', 97.2075, -40.27166666666667, 0.1759]
['RXCJ0631.3-5610', 97.83624999999999, -55.827777777777776, 0.054]
['RXCJ0637.3-4828', 99.32875, -47.52166666666667, 0.2026]
['RXCJ0638.7-5358', 99.69375000000001, -52.028333333333336, 0.2266]
['RXCJ0645.4-5413', 101.37208333333332, -53.78111111111111, 0.1644]
['RXCJ0658.5-5556', 104.62958333333334, -54.05305555555555, 0.2965]
['RXCJ0712.0-6030', 108.02250000000001, -59.498333333333335, 0.0322]
['RXCJ0738.1-7506', 114.5375, -74.89333333333333, 0.111]
['RXCJ0821.8+0112', 125.46541666666668, 1.2116666666666667, 0.0822]
['RXCJ0909.1-0939', 137.285, -8.33388888888889, 0.0542]
['RXCJ0910.6-1034', 137.65125, -9.418888888888889, 0.0916]
['RXCJ0918.1-1205', 139.52708333333334, -11.906666666666666, 0.0539]
['RXCJ0937.9-2020', 144.49875, -19.654166666666665, 0.0344]
['RXCJ0944.1-2116', 146.04291666666668, -20.72222222222222, 0.0077]
['RXCJ0944.6-2633', 146.15249999999997, -25.434444444444445, 0.1421]
['RXCJ0945.4-0839', 146.35166666666666, -7.345833333333333, 0.1535]
['RXCJ0948.6-8327', 147.1641666666667, -82.53444444444445, 0.1982]
['RXCJ0953.2-1558', 148.30041666666665, -14.018888888888888, 0.0302]
['RXCJ0956.4-1004', 149.11, -9.93, 0.1634]
['RXCJ0958.3-1103', 149.59208333333333, -10.940277777777778, 0.1669]
['RXCJ1013.5-1350', 153.4, -12.1575, 0.1517]
['RXCJ1013.6-0054', 153.41791666666666, 0.9144444444444445, 0.0445]
['RXCJ1013.7-0006', 153.43666666666667, 0.10861111111111112, 0.0927]
['RXCJ1017.3-1040', 154.34750000000003, -9.3225, 0.0586]
['RXCJ1020.4-0631', 155.12, -5.480277777777777, 0.054]
['RXCJ1023.8-2715', 155.96166666666667, -26.74138888888889, 0.2542]
['RXCJ1027.9-0647', 156.99833333333333, -5.203888888888889, 0.1176]
['RXCJ1036.6-2731', 159.17416666666668, -26.475555555555555, 0.0126]
['RXCJ1038.4-2454', 159.60041666666666, -23.09722222222222, 0.123]
['RXCJ1039.7-0841', 159.93541666666664, -7.316388888888889, 0.065]
['RXCJ1041.5-1123', 160.39249999999998, -10.61138888888889, 0.0839]
['RXCJ1044.5-0704', 161.1375, -6.927222222222222, 0.1342]
['RXCJ1050.4-1250', 162.60625, -11.153611111111111, 0.0155]
['RXCJ1050.5-0236', 162.64791666666667, -1.4, 0.1651]
['RXCJ1050.6-2405', 162.65125, -23.90388888888889, 0.2037]
['RXCJ1058.1+0135', 164.54333333333332, 1.5863888888888888, 0.0398]
['RXCJ1101.2-2243', 165.32, -21.271944444444443, 0.1416]
['RXCJ1107.3-2300', 166.82916666666668, -22.997777777777777, 0.0639]
['RXCJ1114.1-3811', 168.54999999999998, -37.810833333333335, 0.1306]
['RXCJ1115.8+0129', 168.97500000000002, 1.4955555555555555, 0.3499]
['RXCJ1130.3-1434', 172.58125, -13.416944444444445, 0.1068]
['RXCJ1131.9-1955', 172.98458333333335, -18.073055555555555, 0.3075]
['RXCJ1135.2-1331', 173.82166666666666, -12.481111111111112, 0.0722]
['RXCJ1139.4-3327', 174.86375, -32.54611111111111, 0.1076]
['RXCJ1141.4-1216', 175.35125, -11.727777777777778, 0.1195]
['RXCJ1145.3-3425', 176.32958333333332, -33.57138888888889, 0.0697]
['RXCJ1149.7-1219', 177.44916666666668, -11.682222222222222, 0.1557]
['RXCJ1151.6-1619', 177.90875, -15.679444444444444, 0.0722]
['RXCJ1200.0-3124', 180.02083333333331, -30.594166666666666, 0.0685]
['RXCJ1202.9-0650', 180.72625, -5.164722222222222, 0.1268]
['RXCJ1203.2-2131', 180.82083333333335, -20.477222222222224, 0.1992]
['RXCJ1204.4+0154', 181.105, 1.9005555555555556, 0.0199]
['RXCJ1206.2-0848', 181.55208333333334, -7.193888888888889, 0.4414]
['RXCJ1212.3-1816', 183.07874999999999, -17.72138888888889, 0.269]
['RXCJ1215.4-3900', 183.87083333333334, -38.984722222222224, 0.119]
['RXCJ1219.3-1315', 184.83249999999998, -12.74, 0.0688]
['RXCJ1234.2-3856', 188.57083333333333, -37.05722222222222, 0.2373]
['RXCJ1236.7-3354', 189.18625, -32.09722222222222, 0.0796]
['RXCJ1236.7-3531', 189.19375, -34.46722222222222, 0.0736]
['RXCJ1244.6-1159', 191.15833333333336, -10.014722222222222, 0.0963]
['RXCJ1247.7-0247', 191.93, -1.2077777777777778, 0.1797]
['RXCJ1248.7-4118', 192.19958333333332, -40.69222222222222, 0.0114]
['RXCJ1252.5-3116', 193.14208333333335, -30.732222222222223, 0.0535]
['RXCJ1253.0-0912', 193.27291666666665, -8.799722222222222, 0.0146]
['RXCJ1253.2-1522', 193.31, -14.62, 0.0462]
['RXCJ1253.6-3931', 193.42041666666668, -38.46805555555556, 0.1794]
['RXCJ1254.0-0642', 193.51125000000002, -5.2988888888888885, 0.1962]
['RXCJ1254.3-2901', 193.59791666666666, -28.977222222222224, 0.0542]
['RXCJ1254.6-2913', 193.6725, -28.776666666666667, 0.0544]
['RXCJ1254.7-1526', 193.69541666666666, -14.555555555555555, 0.1506]
['RXCJ1255.5-3019', 193.89374999999998, -29.669444444444444, 0.0541]
['RXCJ1255.7-1239', 193.92541666666665, -11.345, 0.0585]
['RXCJ1256.9-3119', 194.24916666666667, -30.678055555555556, 0.0561]
['RXCJ1257.1-1724', 194.29083333333332, -16.599722222222223, 0.0473]
['RXCJ1257.1-1339', 194.29208333333332, -12.344444444444445, 0.0151]
['RXCJ1257.2-3022', 194.32041666666666, -29.623055555555556, 0.0554]
['RXCJ1258.6-0145', 194.67125000000001, -0.24305555555555558, 0.0845]
['RXCJ1258.8-2640', 194.70749999999998, -25.3325, 0.0767]
['RXCJ1259.3-0411', 194.83958333333334, -3.805277777777778, 0.0845]
['RXCJ1301.6-0650', 195.40125, -5.166666666666667, 0.0898]
['RXCJ1302.8-0230', 195.71125, -1.4938888888888888, 0.0847]
['RXCJ1303.7-2415', 195.93333333333334, -23.749166666666667, 0.1288]
['RXCJ1304.2-3030', 196.06958333333333, -29.48472222222222, 0.0117]
['RXCJ1305.9-3739', 196.47708333333333, -36.33861111111111, 0.0497]
['RXCJ1309.2-0136', 197.32083333333333, -0.38749999999999996, 0.088]
['RXCJ1311.4-0120', 197.875, -0.6647222222222222, 0.1832]
['RXCJ1314.2-0659', 198.55624999999998, -5.006666666666667, 0.1892]
['RXCJ1314.4-2515', 198.61666666666667, -24.738611111111112, 0.2439]
['RXCJ1315.3-1623', 198.85, -15.610277777777778, 0.0087]
['RXCJ1317.1-3821', 199.29, -37.638333333333335, 0.2553]
['RXCJ1320.7-4102', 200.17791666666668, -40.960277777777776, 0.0495]
['RXCJ1325.1-2014', 201.27833333333334, -19.76361111111111, 0.1926]
['RXCJ1326.2+0013', 201.57416666666666, 0.22555555555555556, 0.0826]
['RXCJ1326.9-2710', 201.72500000000002, -26.816666666666666, 0.0458]
['RXCJ1327.9-3130', 201.98958333333331, -30.4975, 0.048]
['RXCJ1329.7-3136', 202.42875, -30.3975, 0.0488]
['RXCJ1330.8-0152', 202.70791666666668, -0.12722222222222224, 0.0852]
['RXCJ1331.5-3148', 202.885, -30.184722222222224, 0.0448]
['RXCJ1332.3-3308', 203.09416666666667, -32.86055555555556, 0.0487]
['RXCJ1332.9-2519', 203.2325, -24.676111111111112, 0.1199]
['RXCJ1333.6-3139', 203.40125, -30.33888888888889, 0.049]
['RXCJ1333.6-2317', 203.425, -22.71611111111111, 0.1264]
['RXCJ1336.6-3357', 204.16166666666666, -32.041666666666664, 0.0123]
['RXCJ1337.4-4120', 204.36708333333334, -40.66638888888889, 0.0519]
['RXCJ1342.0+0213', 205.52291666666667, 2.2275, 0.0765]
['RXCJ1346.2-1632', 206.55666666666667, -15.455, 0.0557]
['RXCJ1346.8-3752', 206.71875, -36.12555555555556, 0.0377]
['RXCJ1347.2-3025', 206.80124999999998, -29.580555555555556, 0.0145]
['RXCJ1347.4-3250', 206.86833333333334, -31.150277777777777, 0.0391]
['RXCJ1347.5-1144', 206.875, -10.251111111111111, 0.4516]
['RXCJ1348.9-2526', 207.23250000000002, -24.558055555555555, 0.1269]
['RXCJ1349.3-3018', 207.33041666666668, -29.690555555555555, 0.016]
['RXCJ1350.7-3343', 207.68291666666664, -32.27861111111111, 0.1142]
['RXCJ1352.2-0945', 208.05833333333334, -8.240833333333333, 0.2021]
['RXCJ1353.4-2753', 208.37208333333334, -26.11138888888889, 0.0468]
['RXCJ1401.6-1107', 210.40291666666667, -10.875555555555556, 0.0698]
['RXCJ1403.5-3359', 210.89958333333334, -32.01222222222222, 0.0132]
['RXCJ1407.4-2700', 211.86708333333334, -26.98472222222222, 0.023]
['RXCJ1408.1-0904', 212.02916666666667, -8.928888888888888, 0.0354]
['RXCJ1415.2-0030', 213.80916666666667, 0.5011111111111111, 0.1403]
['RXCJ1416.8-1158', 214.21458333333334, -10.023888888888889, 0.0982]
['RXCJ1421.9-2009', 215.48875, -19.84, 0.1208]
['RXCJ1435.0-2821', 218.7525, -27.634444444444444, 0.0689]
['RXCJ1436.8-0900', 219.22291666666666, -8.99638888888889, 0.0842]
['RXCJ1455.2-3325', 223.80791666666667, -32.57333333333333, 0.1158]
['RXCJ1456.3-0549', 224.08166666666668, -4.1725, 0.22]
['RXCJ1459.0-0843', 224.76458333333335, -7.275, 0.1043]
['RXCJ1459.4-1811', 224.87208333333334, -17.813055555555554, 0.2357]
['RXCJ1501.1+0141', 225.29958333333332, 1.6980555555555554, 0.005]
['RXCJ1504.1-0248', 226.03208333333333, -1.195, 0.2153]
['RXCJ1506.4+0136', 226.62375, 1.6022222222222222, 0.0066]
['RXCJ1511.5+0145', 227.88958333333332, 1.7641666666666667, 0.0384]
['RXCJ1512.2-2254', 228.0525, -21.08361111111111, 0.3152]
['RXCJ1512.8-0128', 228.2125, -0.5202777777777777, 0.1223]
['RXCJ1514.9-1523', 228.74166666666667, -14.613888888888889, 0.2226]
['RXCJ1516.3+0005', 229.08, 0.09777777777777778, 0.1181]
['RXCJ1516.5-0056', 229.14166666666668, 0.9488888888888888, 0.1198]
['RXCJ1524.2-3154', 231.05333333333334, -30.09611111111111, 0.1028]
['RXCJ1539.5-8335', 234.89125, -82.40777777777778, 0.0728]
['RXCJ1540.1-0318', 235.03125, -2.6919444444444443, 0.1533]
['RXCJ1548.7-0259', 237.19125, -1.0036111111111112, 0.101]
['RXCJ1558.3-1410', 239.59666666666666, -13.832222222222223, 0.097]
['RXCJ1615.7-0608', 243.9454166666667, -5.854166666666667, 0.203]
['RXCJ1633.8-0738', 248.47458333333336, -6.355, 0.0974]
['RXCJ1655.9-0113', 253.98416666666665, -0.7708333333333334, 0.0408]
['RXCJ1657.7-0149', 254.4391666666667, -0.16833333333333333, 0.0313]
['RXCJ1705.1-8210', 256.29291666666666, -81.82611111111112, 0.0737]
['RXCJ1706.4-0132', 256.61083333333335, -0.4602777777777778, 0.0912]
['RXCJ1840.6-7709', 280.155, -76.84444444444445, 0.0194]
['RXCJ1847.3-6320', 281.8333333333333, -62.66305555555556, 0.0146]
['RXCJ1855.8-6654', 283.9716666666667, -65.08666666666667, 0.1797]
['RXCJ1912.6-7517', 288.16791666666666, -74.70833333333333, 0.0726]
['RXCJ1925.4-4256', 291.37333333333333, -41.05083333333333, 0.0774]
['RXCJ1926.9-5342', 291.74291666666664, -52.29694444444444, 0.057]
['RXCJ1928.2-5055', 292.05833333333334, -49.07, 0.1496]
['RXCJ1931.6-3354', 292.91125, -32.08694444444444, 0.0972]
['RXCJ1934.7-5053', 293.69708333333335, -49.10305555555556, 0.2371]
['RXCJ1938.3-4748', 294.58125, -46.19555555555556, 0.2665]
['RXCJ1946.5-4256', 296.6429166666667, -41.05777777777778, 0.1128]
['RXCJ1947.3-7623', 296.8304166666667, -75.60777777777778, 0.217]
['RXCJ1952.2-5503', 298.06875, -54.93833333333333, 0.06]
['RXCJ1953.0-5201', 298.25375, -51.969166666666666, 0.1069]
['RXCJ1958.2-3011', 299.56166666666667, -29.810555555555556, 0.1171]
['RXCJ1959.1-3454', 299.7945833333334, -33.09, 0.1728]
['RXCJ2003.5-2323', 300.87666666666667, -22.615277777777777, 0.3171]
['RXCJ2009.0-5421', 302.26666666666665, -53.64222222222222, 0.0516]
['RXCJ2009.9-4823', 302.47541666666666, -47.606944444444444, 0.0097]
['RXCJ2011.3-5725', 302.84625, -56.5725, 0.2786]
['RXCJ2012.0-4129', 303.0125, -40.50833333333333, 0.1496]
['RXCJ2012.5-5649', 303.12708333333336, -55.168055555555554, 0.0556]
['RXCJ2014.2-8038', 303.55583333333334, -79.35833333333333, 0.138]
['RXCJ2014.8-2430', 303.7070833333333, -23.491666666666667, 0.1612]
['RXCJ2016.2-8047', 304.05833333333334, -79.20083333333334, 0.1309]
['RXCJ2018.4-4102', 304.6066666666667, -40.95333333333333, 0.0192]
['RXCJ2018.7-5242', 304.6904166666667, -51.29388888888889, 0.0505]
['RXCJ2020.8-3002', 305.2079166666667, -29.96638888888889, 0.2073]
['RXCJ2021.9-5256', 305.47791666666666, -51.05222222222222, 0.1383]
['RXCJ2023.0-2056', 305.75666666666666, -19.051388888888887, 0.0564]
['RXCJ2023.4-5535', 305.8520833333333, -54.40777777777778, 0.232]
['RXCJ2030.7-3532', 307.6995833333333, -34.455555555555556, 0.1398]
['RXCJ2031.8-4037', 307.96458333333334, -39.379444444444445, 0.3416]
['RXCJ2032.1-5627', 308.0366666666667, -55.5475, 0.138]
['RXCJ2034.3-3429', 308.58124999999995, -33.5125, 0.124]
['RXCJ2034.7-3404', 308.67541666666665, -33.92611111111111, 0.0936]
['RXCJ2034.7-3548', 308.6995833333333, -34.18666666666667, 0.0894]
['RXCJ2034.9-2143', 308.73249999999996, -20.282777777777778, 0.1947]
['RXCJ2035.7-2513', 308.9345833333333, -24.782222222222224, 0.02]
['RXCJ2043.2-2144', 310.8025, -20.265, 0.2041]
['RXCJ2043.2-2629', 310.81, -25.51, 0.0408]
['RXCJ2048.1-1750', 312.0441666666667, -16.156111111111112, 0.1475]
['RXCJ2055.8-5455', 313.96458333333334, -53.08, 0.139]
['RXCJ2058.2-0745', 314.56333333333333, -6.238611111111111, 0.0793]
['RXCJ2101.4-4100', 315.3670833333333, -40.998333333333335, 0.1694]
['RXCJ2101.5-1317', 315.39458333333334, -12.708055555555555, 0.0282]
['RXCJ2101.8-2802', 315.4529166666667, -27.965, 0.0382]
['RXCJ2102.1-2431', 315.54125, -23.468611111111112, 0.188]
['RXCJ2103.4-4319', 315.85833333333335, -42.67055555555555, 0.0487]
['RXCJ2104.3-4120', 316.08375, -40.650555555555556, 0.1651]
['RXCJ2104.9-5149', 316.22791666666666, -50.173611111111114, 0.0491]
['RXCJ2104.9-8243', 316.2445833333333, -81.27722222222222, 0.0969]
['RXCJ2106.0-3846', 316.5179166666667, -37.2275, 0.1521]
['RXCJ2107.2-2526', 316.80125, -24.561944444444446, 0.0381]
['RXCJ2111.6-2308', 317.91625, -22.850277777777777, 0.0333]
['RXCJ2116.8-5929', 319.20208333333335, -58.50194444444445, 0.0602]
['RXCJ2124.3-7446', 321.09499999999997, -73.22638888888889, 0.0586]
['RXCJ2125.2-0657', 321.3016666666667, -5.0344444444444445, 0.1153]
['RXCJ2125.9-3443', 321.47916666666663, -33.275555555555556, 0.0757]
['RXCJ2127.1-1209', 321.7958333333333, -11.840833333333332, 0.176]
['RXCJ2129.8-5048', 322.4625, -49.19888888888889, 0.0796]
['RXCJ2133.4-7156', 323.35125, -70.06416666666667, 0.0559]
['RXCJ2134.2-1328', 323.56874999999997, -12.52, 0.0897]
['RXCJ2135.2+0125', 323.82166666666666, 1.4316666666666666, 0.1244]
['RXCJ2139.8-2228', 324.96583333333336, -21.526666666666667, 0.0328]
['RXCJ2143.9-5637', 325.99291666666664, -55.37361111111111, 0.0824]
['RXCJ2145.9-1006', 326.4783333333333, -9.895555555555555, 0.0808]
['RXCJ2146.3-5717', 326.58708333333334, -56.71138888888889, 0.076]
['RXCJ2146.9-4354', 326.74083333333334, -42.09, 0.062]
['RXCJ2147.0-1019', 326.75208333333336, -9.682222222222222, 0.078]
['RXCJ2147.9-4600', 326.98125, -45.99472222222222, 0.0593]
['RXCJ2149.1-3041', 327.28083333333336, -29.301388888888887, 0.1184]
['RXCJ2151.3-5521', 327.84458333333333, -54.64666666666667, 0.0385]
['RXCJ2151.8-1543', 327.97041666666667, -14.282777777777778, 0.0614]
['RXCJ2152.2-1942', 328.05916666666667, -18.294444444444444, 0.0963]
['RXCJ2152.4-1933', 328.1, -18.435, 0.0943]
['RXCJ2154.1-5751', 328.5383333333333, -56.14472222222222, 0.076]
['RXCJ2154.2-0400', 328.55041666666665, -3.9947222222222223, 0.1509]
['RXCJ2157.4-0747', 329.35749999999996, -6.205277777777778, 0.0579]
['RXCJ2158.3-2006', 329.58375, -19.895555555555557, 0.057]
['RXCJ2158.4-6023', 329.61333333333334, -59.60055555555556, 0.075]
['RXCJ2158.5-0948', 329.62708333333336, -8.192222222222222, 0.0809]
['RXCJ2201.8-2226', 330.46208333333334, -21.555555555555557, 0.0691]
['RXCJ2201.9-5956', 330.48333333333335, -58.050555555555555, 0.098]
['RXCJ2202.0-0949', 330.52458333333334, -8.175555555555556, 0.0809]
['RXCJ2205.6-0535', 331.41875, -4.406666666666666, 0.0582]
['RXCJ2209.3-5148', 332.34708333333333, -50.185, 0.1065]
['RXCJ2210.3-1210', 332.58208333333334, -11.823888888888888, 0.0846]
['RXCJ2211.7-0350', 332.93083333333334, -2.164722222222222, 0.27]
['RXCJ2213.0-2753', 333.27166666666665, -26.100277777777777, 0.061]
['RXCJ2214.5-1022', 333.6358333333333, -9.628333333333334, 0.098]
['RXCJ2216.2-0920', 334.06458333333336, -8.66, 0.0825]
['RXCJ2216.9-1725', 334.235, -16.573888888888888, 0.1301]
['RXCJ2217.7-3543', 334.43041666666664, -34.27388888888889, 0.1486]
['RXCJ2218.0-6511', 334.5233333333333, -64.815, 0.0951]
['RXCJ2218.2-0350', 334.57124999999996, -2.1658333333333335, 0.0901]
['RXCJ2218.6-3853', 334.66749999999996, -37.1025, 0.1411]
['RXCJ2218.8-0258', 334.70458333333335, -1.031388888888889, 0.0902]
['RXCJ2220.5-3509', 335.14416666666665, -34.835277777777776, 0.1544]
['RXCJ2223.8-0138', 335.9708333333333, -0.3622222222222222, 0.0906]
['RXCJ2224.4-5515', 336.11458333333337, -54.74388888888889, 0.0791]
['RXCJ2224.7-5632', 336.1816666666667, -55.46527777777778, 0.0355]
['RXCJ2225.8-0636', 336.4625, -5.3966666666666665, 0.0897]
['RXCJ2227.8-3034', 336.96833333333336, -29.43, 0.0579]
['RXCJ2228.8-6053', 337.21375, -59.10111111111111, 0.0423]
['RXCJ2234.5-3744', 338.62916666666666, -36.265, 0.151]
['RXCJ2235.6+0128', 338.9191666666666, 1.4716666666666667, 0.0594]
['RXCJ2243.0-2009', 340.76916666666665, -19.83361111111111, 0.1359]
['RXCJ2246.3-5243', 341.5775, -51.27055555555555, 0.0965]
['RXCJ2248.5-1606', 342.13708333333335, -15.893611111111111, 0.2472]
['RXCJ2248.7-4431', 342.18125, -43.471111111111114, 0.3475]
['RXCJ2249.9-6425', 342.4875, -63.57055555555556, 0.094]
['RXCJ2251.0-1624', 342.7525, -15.593333333333334, 0.1221]
['RXCJ2251.7-3206', 342.9483333333333, -31.89666666666667, 0.246]
['RXCJ2253.5-3343', 343.3925, -32.27583333333333, 0.224]
['RXCJ2254.0-6315', 343.5133333333333, -62.74583333333333, 0.2112]
['RXCJ2305.5-4513', 346.39416666666665, -44.779444444444444, 0.1253]
['RXCJ2306.6-1319', 346.65, -12.68, 0.0659]
['RXCJ2307.2-1513', 346.81374999999997, -14.771666666666667, 0.111]
['RXCJ2308.3-0211', 347.09666666666664, -1.8080555555555555, 0.2966]
['RXCJ2312.3-2130', 348.08624999999995, -20.499444444444446, 0.1108]
['RXCJ2313.0-2137', 348.25374999999997, -20.368055555555557, 0.0871]
['RXCJ2313.9-4244', 348.4941666666667, -41.26611111111111, 0.0564]
['RXCJ2315.7-3746', 348.93416666666667, -36.217777777777776, 0.1786]
['RXCJ2315.7-0222', 348.93833333333333, -1.6230555555555555, 0.0267]
['RXCJ2316.1-2027', 349.03125, -19.544722222222223, 0.0822]
['RXCJ2319.2-6750', 349.8, -66.16, 0.0286]
['RXCJ2319.6-7313', 349.9241666666667, -72.76916666666666, 0.0984]
['RXCJ2321.4-2312', 350.35125000000005, -22.794444444444444, 0.089]
['RXCJ2321.5-4153', 350.38916666666665, -40.10111111111111, 0.0894]
['RXCJ2321.8-6941', 350.4525, -68.3013888888889, 0.1846]
['RXCJ2325.3-1207', 351.3333333333333, -11.872777777777777, 0.0852]
['RXCJ2326.7-5242', 351.6954166666667, -51.29, 0.1074]
['RXCJ2331.2-3630', 352.8029166666667, -35.49333333333333, 0.0957]
['RXCJ2336.2-3136', 354.0708333333333, -30.389722222222222, 0.0643]
['RXCJ2337.6+0016', 354.4191666666667, 0.27666666666666667, 0.2779]
['RXCJ2340.1-8510', 355.04291666666666, -84.82166666666667, 0.1934]
['RXCJ2341.2-0901', 355.32, -8.9725, 0.251]
['RXCJ2344.2-0422', 356.0666666666667, -3.6325, 0.0786]
['RXCJ2347.4-0218', 356.8516666666667, -1.6855555555555555, 0.0223]
['RXCJ2347.7-2808', 356.92999999999995, -27.85861111111111, 0.03]
['RXCJ2351.6-2605', 357.9195833333334, -25.91638888888889, 0.2264]
['RXCJ2354.2-1024', 358.55583333333334, -9.587222222222222, 0.0765]
['RXCJ2357.0-3445', 359.25958333333335, -33.239444444444445, 0.0475]
['RXCJ2359.3-6042', 359.83, -59.3, 0.0989]
['RXCJ2359.9-3928', 359.9820833333333, -38.52027777777778, 0.1024]