RXCJ0003.1-0605		00 03 11.8	-06 05 10	0.232									
RXCJ0003.2-3555		00 03 12.1	-35 55 38	0.049									
RXCJ0003.8+0203		00 03 50.6	+02 03 48	0.0924									
RXCJ0006.0-3443		00 06 03.0	-34 43 27	0.1147									
RXCJ0011.3-2851		00 11 20.7	-28 51 18	0.062									
RXCJ0013.6-1930		00 13 38.3	-19 30 08	0.094									
RXCJ0014.3-6604		00 14 18.4	-66 04 39	0.1599									
RXCJ0014.3-3023		00 14 18.8	-30 23 00	0.3066									
RXCJ0015.4-2350		00 15 24.0	-23 50 42	0.0645									
RXCJ0017.5-3509		00 17 33.7	-35 09 54	0.0968									
RXCJ0020.7-2542		00 20 42.8	-25 42 37	0.141									
RXCJ0025.5-3302		00 25 32.4	-33 02 50	0.0491									
RXCJ0027.3-5015		00 27 21.3	-50 15 04	0.1448									
RXCJ0028.6-2338		00 28 39.3	-23 38 14	0.112									
RXCJ0034.6-0208		00 34 36.0	-02 08 24	0.0812									
RXCJ0040.1-5607		00 40 06.5	-56 07 00	0.0277									
RXCJ0041.8-0918		00 41 50.1	-09 18 07	0.0555									
RXCJ0042.1-2832		00 42 08.7	-28 32 09	0.1082									
RXCJ0043.4-2037		00 43 24.4	-20 37 17	0.2924									
RXCJ0049.4-2931		00 49 24.0	-29 31 28	0.1084									
RXCJ0052.7-8015		00 52 44.9	-80 15 59	0.1141									
RXCJ0055.9-3732		00 55 59.2	-37 32 51	0.1653									
RXCJ0056.3-0112		00 56 18.3	-01 12 60	0.0442									
RXCJ0057.8-6648		00 57 48.1	-66 48 44	0.0661									
RXCJ0102.7-2152		01 02 42.1	-21 52 25	0.0569									
RXCJ0105.5-2439		01 05 34.8	-24 39 17	0.23									
RXCJ0106.8-0229		01 06 52.4	-02 29 24	0.1909									
RXCJ0107.8-3643		01 07 49.1	-36 43 38	0.1186									
RXCJ0108.1+0210		01 08 11.5	+02 10 34	0.0436									
RXCJ0108.8-1524		01 08 50.1	-15 24 36	0.0533									
RXCJ0108.9-1537		01 08 55.2	-15 37 44	0.097									
RXCJ0110.0-4555		01 10 00.4	-45 55 22	0.0238									
RXCJ0115.2+0019		01 15 12.0	+00 19 48	0.045									
RXCJ0117.8-5455		01 17 50.5	-54 55 26	0.251									
RXCJ0118.1-2658		01 18 11.1	-26 58 23	0.2275									
RXCJ0120.9-1351		01 20 58.9	-13 51 31	0.0519									
RXCJ0125.5+0145		01 25 30.2	+01 45 44	0.0174									
RXCJ0125.6-0124		01 25 40.8	-01 24 26	0.018									
RXCJ0131.8-1336		01 31 53.0	-13 36 34	0.206									
RXCJ0132.6-0804		01 32 40.9	-08 04 20	0.1489									
RXCJ0137.2-0912		01 37 15.4	-09 12 10	0.0409									
RXCJ0145.0-5300		01 45 02.3	-53 00 50	0.1168									
RXCJ0145.2-6033		01 45 16.7	-60 33 54	0.1805									
RXCJ0152.7+0100		01 52 42.3	+01 00 45	0.23									
RXCJ0152.9-1345		01 52 59.0	-13 45 12	0.005									
RXCJ0157.4-0550		01 57 24.3	-05 50 24	0.1289									
RXCJ0201.7-0212		02 01 44.2	-02 12 03	0.196									
RXCJ0202.3-0107		02 02 19.9	-01 07 13	0.0427									
RXCJ0206.4-1453		02 06 30.0	-14 53 38	0.1529									
RXCJ0211.4-4017		02 11 25.5	-40 17 12	0.1008									
RXCJ0216.7-4749		02 16 42.3	-47 49 24	0.064									
RXCJ0217.2-5244		02 17 12.6	-52 44 49	0.3432									
RXCJ0220.9-3829		02 20 56.6	-38 29 05	0.228									
RXCJ0225.1-2928		02 25 10.5	-29 28 26	0.0604									
RXCJ0225.9-4154		02 25 54.6	-41 54 35	0.2195									
RXCJ0229.3-3332		02 29 22.3	-33 32 16	0.0792									
RXCJ0230.7-3305		02 30 43.5	-33 05 55	0.076									
RXCJ0231.9+0114		02 31 57.1	+01 14 40	0.0221									
RXCJ0232.2-4420		02 32 16.8	-44 20 51	0.2836									
RXCJ0236.6-1923		02 36 40.2	-19 23 13	0.0907									
RXCJ0237.4-2630		02 37 29.2	-26 30 17	0.2216									
RXCJ0248.0-0332		02 48 02.0	-03 32 15	0.1883									
RXCJ0249.6-3111		02 49 36.9	-31 11 19	0.023									
RXCJ0250.2-2129		02 50 17.2	-21 29 56	0.207									
RXCJ0252.8-0116		02 52 49.4	-01 16 27	0.0235									
RXCJ0301.6+0155		03 01 37.2	+01 55 11	0.1712									
RXCJ0303.3+0155		03 03 21.1	+01 55 35	0.153									
RXCJ0303.7-7752		03 03 46.4	-77 52 09	0.2742									
RXCJ0304.1-3656		03 04 07.2	-36 56 36	0.2192									
RXCJ0307.0-2840		03 07 04.1	-28 40 14	0.2537									
RXCJ0311.4-2653		03 11 25.0	-26 53 59	0.0685									
RXCJ0314.3-4525		03 14 19.8	-45 25 27	0.0718									
RXCJ0317.9-4414		03 17 58.5	-44 14 20	0.0752									
RXCJ0322.2-5310		03 22 12.7	-53 10 41	0.0797									
RXCJ0322.3-4121		03 22 18.6	-41 21 34	0.0643									
RXCJ0328.6-5542		03 28 37.5	-55 42 46	0.0853									
RXCJ0330.0-5235		03 30 00.7	-52 35 46	0.0624									
RXCJ0331.1-2100		03 31 07.3	-21 00 12	0.188									
RXCJ0334.9-5342		03 34 56.2	-53 42 08	0.0619									
RXCJ0336.3-4037		03 36 18.7	-40 37 20	0.1729									
RXCJ0336.3-0347		03 36 22.9	-03 47 29	0.1595									
RXCJ0337.0-3949		03 36 60.0	-39 49 12	0.103									
RXCJ0338.4-3526		03 38 27.9	-35 26 54	0.0051									
RXCJ0340.1-5503		03 40 08.6	-55 03 14	0.0464									
RXCJ0340.1-1835		03 40 11.4	-18 35 15	0.0056									
RXCJ0340.6-0239		03 40 41.8	-02 39 57	0.0352									
RXCJ0340.8-4542		03 40 49.3	-45 42 19	0.0698									
RXCJ0342.8-5338		03 42 53.9	-53 38 07	0.059									
RXCJ0345.7-4112		03 45 45.7	-41 12 27	0.0603									
RXCJ0345.9-2416		03 45 56.0	-24 16 49	0.1057									
RXCJ0346.1-5702		03 46 09.6	-57 02 60	0.057									
RXCJ0347.0-2900		03 47 00.2	-29 00 13	0.1419									
RXCJ0351.1-8212		03 51 08.9	-82 12 60	0.0613									
RXCJ0352.3-5453		03 52 20.7	-54 53 09	0.0447									
RXCJ0358.8-2955		03 58 50.5	-29 55 18	0.1681									
RXCJ0359.1-0320		03 59 09.2	-03 20 28	0.122									
RXCJ0408.2-3053		04 08 16.2	-30 53 40	0.06									
RXCJ0413.9-3805		04 13 57.1	-38 05 60	0.0501									
RXCJ0419.6+0224		04 19 37.8	+02 24 50	0.0131									
RXCJ0425.8-0833		04 25 51.4	-08 33 33	0.0397									
RXCJ0429.1-5350		04 29 07.8	-53 50 51	0.04									
RXCJ0431.4-6126		04 31 24.1	-61 26 38	0.0589									
RXCJ0433.6-1315		04 33 38.4	-13 15 33	0.0326									
RXCJ0437.1-2027		04 37 07.2	-20 27 26	0.155									
RXCJ0437.1+0043		04 37 10.1	+00 43 38	0.2842									
RXCJ0438.9-2206		04 38 54.7	-22 06 49	0.067									
RXCJ0445.1-1551		04 45 10.0	-15 51 01	0.036									
RXCJ0448.2-2028		04 48 12.2	-20 28 11	0.072									
RXCJ0449.9-4440		04 49 55.2	-44 40 41	0.1501									
RXCJ0454.1-1014		04 54 09.1	-10 14 19	0.2475									
RXCJ0454.8-1806		04 54 50.3	-18 06 33	0.0335									
RXCJ0500.7-3840		05 00 46.5	-38 40 41	0.0536									
RXCJ0501.3-0332		05 01 19.4	-03 32 33	0.0913									
RXCJ0501.6+0110		05 01 39.1	+01 10 30	0.1248									
RXCJ0507.6-0238		05 07 36.0	-02 38 24	0.1241									
RXCJ0507.7-0915		05 07 45.7	-09 15 16	0.0398									
RXCJ0510.2-4519		05 10 13.9	-45 19 16	0.2									
RXCJ0510.7-0801		05 10 44.7	-08 01 06	0.2195									
RXCJ0514.6-4903		05 14 36.3	-49 03 18	0.0912									
RXCJ0516.6-5430		05 16 38.0	-54 30 51	0.2952									
RXCJ0521.4-4049		05 21 29.6	-40 49 29	0.0756									
RXCJ0525.5-3135		05 25 32.8	-31 35 44	0.038									
RXCJ0525.8-4715		05 25 51.6	-47 15 02	0.1913									
RXCJ0528.2-2942		05 28 15.4	-29 42 57	0.1582									
RXCJ0528.9-3927		05 28 56.3	-39 27 46	0.2839									
RXCJ0530.6-2226		05 30 38.4	-22 26 54	0.1706									
RXCJ0532.3-1131		05 32 23.1	-11 31 50	0.154									
RXCJ0532.9-3701		05 32 55.5	-37 01 28	0.2708									
RXCJ0533.3-3619		05 33 18.5	-36 19 32	0.0479									
RXCJ0538.2-2037		05 38 16.3	-20 37 23	0.0915									
RXCJ0540.1-4050		05 40 06.3	-40 50 32	0.0358									
RXCJ0540.1-4322		05 40 10.0	-43 22 56	0.085									
RXCJ0542.1-2607		05 42 09.3	-26 07 25	0.039									
RXCJ0543.4-4430		05 43 24.4	-44 30 19	0.1637									
RXCJ0545.4-2556		05 45 27.2	-25 56 20	0.0424									
RXCJ0545.5-4756		05 45 30.6	-47 56 26	0.1254									
RXCJ0547.6-3152		05 47 38.2	-31 52 31	0.1483									
RXCJ0547.7-4723		05 47 45.6	-47 23 24	0.0515									
RXCJ0548.6-2527		05 48 39.5	-25 27 30	0.042									
RXCJ0548.8-2154		05 48 50.4	-21 54 43	0.0928									
RXCJ0552.8-2103		05 52 52.4	-21 03 25	0.0989									
RXCJ0557.2-3727		05 57 13.2	-37 27 58	0.0442									
RXCJ0600.8-5835		06 00 48.3	-58 35 14	0.0369									
RXCJ0601.7-3959		06 01 45.7	-39 59 34	0.0468									
RXCJ0605.8-3518		06 05 52.8	-35 18 02	0.1392									
RXCJ0607.0-4928		06 07 01.4	-49 28 60	0.0553									
RXCJ0616.5-3948		06 16 31.4	-39 48 01	0.152									
RXCJ0616.8-4748		06 16 53.6	-47 48 18	0.1164									
RXCJ0621.7-5242		06 21 43.6	-52 42 11	0.0511									
RXCJ0624.6-3720		06 24 36.7	-37 20 09	0.0333									
RXCJ0626.3-5341		06 26 22.8	-53 41 44	0.0514									
RXCJ0627.1-3529		06 27 08.2	-35 29 20	0.0554									
RXCJ0627.2-5428		06 27 14.4	-54 28 12	0.0506									
RXCJ0628.8-4143		06 28 49.8	-41 43 42	0.1759									
RXCJ0631.3-5610		06 31 20.7	-56 10 20	0.054									
RXCJ0637.3-4828		06 37 18.9	-48 28 42	0.2026									
RXCJ0638.7-5358		06 38 46.5	-53 58 18	0.2266									
RXCJ0645.4-5413		06 45 29.3	-54 13 08	0.1644									
RXCJ0658.5-5556		06 58 31.1	-55 56 49	0.2965									
RXCJ0712.0-6030		07 12 05.4	-60 30 06	0.0322									
RXCJ0738.1-7506		07 38 09.0	-75 06 24	0.111									
RXCJ0821.8+0112		08 21 51.7	+01 12 42	0.0822									
RXCJ0909.1-0939		09 09 08.4	-09 39 58	0.0542									
RXCJ0910.6-1034		09 10 36.3	-10 34 52	0.0916									
RXCJ0918.1-1205		09 18 06.5	-12 05 36	0.0539									
RXCJ0937.9-2020		09 37 59.7	-20 20 45	0.0344									
RXCJ0944.1-2116		09 44 10.3	-21 16 40	0.0077									
RXCJ0944.6-2633		09 44 36.6	-26 33 56	0.1421									
RXCJ0945.4-0839		09 45 24.4	-08 39 15	0.1535									
RXCJ0948.6-8327		09 48 39.4	-83 27 56	0.1982									
RXCJ0953.2-1558		09 53 12.1	-15 58 52	0.0302									
RXCJ0956.4-1004		09 56 26.4	-10 04 12	0.1634									
RXCJ0958.3-1103		09 58 22.1	-11 03 35	0.1669									
RXCJ1013.5-1350		10 13 36.0	-13 50 33	0.1517									
RXCJ1013.6-0054		10 13 40.3	-00 54 52	0.0445									
RXCJ1013.7-0006		10 13 44.8	-00 06 31	0.0927									
RXCJ1017.3-1040		10 17 23.4	-10 40 39	0.0586									
RXCJ1020.4-0631		10 20 28.8	-06 31 11	0.054									
RXCJ1023.8-2715		10 23 50.8	-27 15 31	0.2542									
RXCJ1027.9-0647		10 27 59.6	-06 47 46	0.1176									
RXCJ1036.6-2731		10 36 41.8	-27 31 28	0.0126									
RXCJ1038.4-2454		10 38 24.1	-24 54 10	0.123									
RXCJ1039.7-0841		10 39 44.5	-08 41 01	0.065									
RXCJ1041.5-1123		10 41 34.2	-11 23 19	0.0839									
RXCJ1044.5-0704		10 44 33.0	-07 04 22	0.1342									
RXCJ1050.4-1250		10 50 25.5	-12 50 47	0.0155									
RXCJ1050.5-0236		10 50 35.5	-02 36 00	0.1651									
RXCJ1050.6-2405		10 50 36.3	-24 05 46	0.2037									
RXCJ1058.1+0135		10 58 10.4	+01 35 11	0.0398									
RXCJ1101.2-2243		11 01 16.8	-22 43 41	0.1416									
RXCJ1107.3-2300		11 07 19.0	-23 00 08	0.0639									
RXCJ1114.1-3811		11 14 12.0	-38 11 21	0.1306									
RXCJ1115.8+0129		11 15 54.0	+01 29 44	0.3499									
RXCJ1130.3-1434		11 30 19.5	-14 34 59	0.1068									
RXCJ1131.9-1955		11 31 56.3	-19 55 37	0.3075									
RXCJ1135.2-1331		11 35 17.2	-13 31 08	0.0722									
RXCJ1139.4-3327		11 39 27.3	-33 27 14	0.1076									
RXCJ1141.4-1216		11 41 24.3	-12 16 20	0.1195									
RXCJ1145.3-3425		11 45 19.1	-34 25 43	0.0697									
RXCJ1149.7-1219		11 49 47.8	-12 19 04	0.1557									
RXCJ1151.6-1619		11 51 38.1	-16 19 14	0.0722									
RXCJ1200.0-3124		12 00 05.0	-31 24 21	0.0685									
RXCJ1202.9-0650		12 02 54.3	-06 50 07	0.1268									
RXCJ1203.2-2131		12 03 17.0	-21 31 22	0.1992									
RXCJ1204.4+0154		12 04 25.2	+01 54 02	0.0199									
RXCJ1206.2-0848		12 06 12.5	-08 48 22	0.4414									
RXCJ1212.3-1816		12 12 18.9	-18 16 43	0.269									
RXCJ1215.4-3900		12 15 29.0	-39 00 55	0.119									
RXCJ1219.3-1315		12 19 19.8	-13 15 36	0.0688									
RXCJ1234.2-3856		12 34 17.0	-38 56 34	0.2373									
RXCJ1236.7-3354		12 36 44.7	-33 54 10	0.0796									
RXCJ1236.7-3531		12 36 46.5	-35 31 58	0.0736									
RXCJ1244.6-1159		12 44 38.0	-11 59 07	0.0963									
RXCJ1247.7-0247		12 47 43.2	-02 47 32	0.1797									
RXCJ1248.7-4118		12 48 47.9	-41 18 28	0.0114									
RXCJ1252.5-3116		12 52 34.1	-31 16 04	0.0535									
RXCJ1253.0-0912		12 53 05.5	-09 12 01	0.0146									
RXCJ1253.2-1522		12 53 14.4	-15 22 48	0.0462									
RXCJ1253.6-3931		12 53 40.9	-39 31 55	0.1794									
RXCJ1254.0-0642		12 54 02.7	-06 42 04	0.1962									
RXCJ1254.3-2901		12 54 23.5	-29 01 22	0.0542									
RXCJ1254.6-2913		12 54 41.4	-29 13 24	0.0544									
RXCJ1254.7-1526		12 54 46.9	-15 26 40	0.1506									
RXCJ1255.5-3019		12 55 34.5	-30 19 50	0.0541									
RXCJ1255.7-1239		12 55 42.1	-12 39 18	0.0585									
RXCJ1256.9-3119		12 56 59.8	-31 19 19	0.0561									
RXCJ1257.1-1724		12 57 09.8	-17 24 01	0.0473									
RXCJ1257.1-1339		12 57 10.1	-13 39 20	0.0151									
RXCJ1257.2-3022		12 57 16.9	-30 22 37	0.0554									
RXCJ1258.6-0145		12 58 41.1	-01 45 25	0.0845									
RXCJ1258.8-2640		12 58 49.8	-26 40 03	0.0767									
RXCJ1259.3-0411		12 59 21.5	-04 11 41	0.0845									
RXCJ1301.6-0650		13 01 36.3	-06 50 00	0.0898									
RXCJ1302.8-0230		13 02 50.7	-02 30 22	0.0847									
RXCJ1303.7-2415		13 03 44.0	-24 15 03	0.1288									
RXCJ1304.2-3030		13 04 16.7	-30 30 55	0.0117									
RXCJ1305.9-3739		13 05 54.5	-37 39 41	0.0497									
RXCJ1309.2-0136		13 09 17.0	-01 36 45	0.088									
RXCJ1311.4-0120		13 11 30.0	-01 20 07	0.1832									
RXCJ1314.2-0659		13 14 13.5	-06 59 36	0.1892									
RXCJ1314.4-2515		13 14 28.0	-25 15 41	0.2439									
RXCJ1315.3-1623		13 15 24.0	-16 23 23	0.0087									
RXCJ1317.1-3821		13 17 09.6	-38 21 42	0.2553									
RXCJ1320.7-4102		13 20 42.7	-41 02 23	0.0495									
RXCJ1325.1-2014		13 25 06.8	-20 14 11	0.1926									
RXCJ1326.2+0013		13 26 17.8	+00 13 32	0.0826									
RXCJ1326.9-2710		13 26 54.0	-27 10 60	0.0458									
RXCJ1327.9-3130		13 27 57.5	-31 30 09	0.048									
RXCJ1329.7-3136		13 29 42.9	-31 36 09	0.0488									
RXCJ1330.8-0152		13 30 49.9	-01 52 22	0.0852									
RXCJ1331.5-3148		13 31 32.4	-31 48 55	0.0448									
RXCJ1332.3-3308		13 32 22.6	-33 08 22	0.0487									
RXCJ1332.9-2519		13 32 55.8	-25 19 26	0.1199									
RXCJ1333.6-3139		13 33 36.3	-31 39 40	0.049									
RXCJ1333.6-2317		13 33 42.0	-23 17 02	0.1264									
RXCJ1336.6-3357		13 36 38.8	-33 57 30	0.0123									
RXCJ1337.4-4120		13 37 28.1	-41 20 01	0.0519									
RXCJ1342.0+0213		13 42 05.5	+02 13 39	0.0765									
RXCJ1346.2-1632		13 46 13.6	-16 32 42	0.0557									
RXCJ1346.8-3752		13 46 52.5	-37 52 28	0.0377									
RXCJ1347.2-3025		13 47 12.3	-30 25 10	0.0145									
RXCJ1347.4-3250		13 47 28.4	-32 50 59	0.0391									
RXCJ1347.5-1144		13 47 30.0	-11 44 56	0.4516									
RXCJ1348.9-2526		13 48 55.8	-25 26 31	0.1269									
RXCJ1349.3-3018		13 49 19.3	-30 18 34	0.016									
RXCJ1350.7-3343		13 50 43.9	-33 43 17	0.1142									
RXCJ1352.2-0945		13 52 14.0	-09 45 33	0.2021									
RXCJ1353.4-2753		13 53 29.3	-27 53 19	0.0468									
RXCJ1401.6-1107		14 01 36.7	-11 07 28	0.0698									
RXCJ1403.5-3359		14 03 35.9	-33 59 16	0.0132									
RXCJ1407.4-2700		14 07 28.1	-27 00 55	0.023									
RXCJ1408.1-0904		14 08 07.0	-09 04 16	0.0354									
RXCJ1415.2-0030		14 15 14.2	-00 30 04	0.1403									
RXCJ1416.8-1158		14 16 51.5	-11 58 34	0.0982									
RXCJ1421.9-2009		14 21 57.3	-20 09 36	0.1208									
RXCJ1435.0-2821		14 35 00.6	-28 21 56	0.0689									
RXCJ1436.8-0900		14 36 53.5	-09 00 13	0.0842									
RXCJ1455.2-3325		14 55 13.9	-33 25 36	0.1158									
RXCJ1456.3-0549		14 56 19.6	-05 49 39	0.22									
RXCJ1459.0-0843		14 59 03.5	-08 43 30	0.1043									
RXCJ1459.4-1811		14 59 29.3	-18 11 13	0.2357									
RXCJ1501.1+0141		15 01 11.9	+01 41 53	0.005									
RXCJ1504.1-0248		15 04 07.7	-02 48 18	0.2153									
RXCJ1506.4+0136		15 06 29.7	+01 36 08	0.0066									
RXCJ1511.5+0145		15 11 33.5	+01 45 51	0.0384									
RXCJ1512.2-2254		15 12 12.6	-22 54 59	0.3152									
RXCJ1512.8-0128		15 12 51.0	-01 28 47	0.1223									
RXCJ1514.9-1523		15 14 58.0	-15 23 10	0.2226									
RXCJ1516.3+0005		15 16 19.2	+00 05 52	0.1181									
RXCJ1516.5-0056		15 16 34.0	-00 56 56	0.1198									
RXCJ1524.2-3154		15 24 12.8	-31 54 14	0.1028									
RXCJ1539.5-8335		15 39 33.9	-83 35 32	0.0728									
RXCJ1540.1-0318		15 40 07.5	-03 18 29	0.1533									
RXCJ1548.7-0259		15 48 45.9	-02 59 47	0.101									
RXCJ1558.3-1410		15 58 23.2	-14 10 04	0.097									
RXCJ1615.7-0608		16 15 46.9	-06 08 45	0.203									
RXCJ1633.8-0738		16 33 53.9	-07 38 42	0.0974									
RXCJ1655.9-0113		16 55 56.2	-01 13 45	0.0408									
RXCJ1657.7-0149		16 57 45.4	-01 49 54	0.0313									
RXCJ1705.1-8210		17 05 10.3	-82 10 26	0.0737									
RXCJ1706.4-0132		17 06 26.6	-01 32 23	0.0912									
RXCJ1840.6-7709		18 40 37.2	-77 09 20	0.0194									
RXCJ1847.3-6320		18 47 20.0	-63 20 13	0.0146									
RXCJ1855.8-6654		18 55 53.2	-66 54 48	0.1797									
RXCJ1912.6-7517		19 12 40.3	-75 17 30	0.0726									
RXCJ1925.4-4256		19 25 29.6	-42 56 57	0.0774									
RXCJ1926.9-5342		19 26 58.3	-53 42 11	0.057									
RXCJ1928.2-5055		19 28 14.0	-50 55 48	0.1496									
RXCJ1931.6-3354		19 31 38.7	-33 54 47	0.0972									
RXCJ1934.7-5053		19 34 47.3	-50 53 49	0.2371									
RXCJ1938.3-4748		19 38 19.5	-47 48 16	0.2665									
RXCJ1946.5-4256		19 46 34.3	-42 56 32	0.1128									
RXCJ1947.3-7623		19 47 19.3	-76 23 32	0.217									
RXCJ1952.2-5503		19 52 16.5	-55 03 42	0.06									
RXCJ1953.0-5201		19 53 00.9	-52 01 51	0.1069									
RXCJ1958.2-3011		19 58 14.8	-30 11 22	0.1171									
RXCJ1959.1-3454		19 59 10.7	-34 54 36	0.1728									
RXCJ2003.5-2323		20 03 30.4	-23 23 05	0.3171									
RXCJ2009.0-5421		20 09 04.0	-54 21 28	0.0516									
RXCJ2009.9-4823		20 09 54.1	-48 23 35	0.0097									
RXCJ2011.3-5725		20 11 23.1	-57 25 39	0.2786									
RXCJ2012.0-4129		20 12 03.0	-41 29 30	0.1496									
RXCJ2012.5-5649		20 12 30.5	-56 49 55	0.0556									
RXCJ2014.2-8038		20 14 13.4	-80 38 30	0.138									
RXCJ2014.8-2430		20 14 49.7	-24 30 30	0.1612									
RXCJ2016.2-8047		20 16 14.0	-80 47 57	0.1309									
RXCJ2018.4-4102		20 18 25.6	-41 02 48	0.0192									
RXCJ2018.7-5242		20 18 45.7	-52 42 22	0.0505									
RXCJ2020.8-3002		20 20 49.9	-30 02 01	0.2073									
RXCJ2021.9-5256		20 21 54.7	-52 56 52	0.1383									
RXCJ2023.0-2056		20 23 01.6	-20 56 55	0.0564									
RXCJ2023.4-5535		20 23 24.5	-55 35 32	0.232									
RXCJ2030.7-3532		20 30 47.9	-35 32 40	0.1398									
RXCJ2031.8-4037		20 31 51.5	-40 37 14	0.3416									
RXCJ2032.1-5627		20 32 08.8	-56 27 09	0.138									
RXCJ2034.3-3429		20 34 19.5	-34 29 15	0.124									
RXCJ2034.7-3404		20 34 42.1	-34 04 26	0.0936									
RXCJ2034.7-3548		20 34 47.9	-35 48 48	0.0894									
RXCJ2034.9-2143		20 34 55.8	-21 43 02	0.1947									
RXCJ2035.7-2513		20 35 44.3	-25 13 04	0.02									
RXCJ2043.2-2144		20 43 12.6	-21 44 06	0.2041									
RXCJ2043.2-2629		20 43 14.4	-26 29 24	0.0408									
RXCJ2048.1-1750		20 48 10.6	-17 50 38	0.1475									
RXCJ2055.8-5455		20 55 51.5	-54 55 12	0.139									
RXCJ2058.2-0745		20 58 15.2	-07 45 41	0.0793									
RXCJ2101.4-4100		21 01 28.1	-41 00 06	0.1694									
RXCJ2101.5-1317		21 01 34.7	-13 17 31	0.0282									
RXCJ2101.8-2802		21 01 48.7	-28 02 06	0.0382									
RXCJ2102.1-2431		21 02 09.9	-24 31 53	0.188									
RXCJ2103.4-4319		21 03 26.0	-43 19 46	0.0487									
RXCJ2104.3-4120		21 04 20.1	-41 20 58	0.1651									
RXCJ2104.9-5149		21 04 54.7	-51 49 35	0.0491									
RXCJ2104.9-8243		21 04 58.7	-82 43 22	0.0969									
RXCJ2106.0-3846		21 06 04.3	-38 46 21	0.1521									
RXCJ2107.2-2526		21 07 12.3	-25 26 17	0.0381									
RXCJ2111.6-2308		21 11 39.9	-23 08 59	0.0333									
RXCJ2116.8-5929		21 16 48.5	-59 29 53	0.0602									
RXCJ2124.3-7446		21 24 22.8	-74 46 25	0.0586									
RXCJ2125.2-0657		21 25 12.4	-06 57 56	0.1153									
RXCJ2125.9-3443		21 25 55.0	-34 43 28	0.0757									
RXCJ2127.1-1209		21 27 11.0	-12 09 33	0.176									
RXCJ2129.8-5048		21 29 51.0	-50 48 04	0.0796									
RXCJ2133.4-7156		21 33 24.3	-71 56 09	0.0559									
RXCJ2134.2-1328		21 34 16.5	-13 28 48	0.0897									
RXCJ2135.2+0125		21 35 17.2	+01 25 54	0.1244									
RXCJ2139.8-2228		21 39 51.8	-22 28 24	0.0328									
RXCJ2143.9-5637		21 43 58.3	-56 37 35	0.0824									
RXCJ2145.9-1006		21 45 54.8	-10 06 16	0.0808									
RXCJ2146.3-5717		21 46 20.9	-57 17 19	0.076									
RXCJ2146.9-4354		21 46 57.8	-43 54 36	0.062									
RXCJ2147.0-1019		21 47 00.5	-10 19 04	0.078									
RXCJ2147.9-4600		21 47 55.5	-46 00 19	0.0593									
RXCJ2149.1-3041		21 49 07.4	-30 41 55	0.1184									
RXCJ2151.3-5521		21 51 22.7	-55 21 12	0.0385									
RXCJ2151.8-1543		21 51 52.9	-15 43 02	0.0614									
RXCJ2152.2-1942		21 52 14.2	-19 42 20	0.0963									
RXCJ2152.4-1933		21 52 24.0	-19 33 54	0.0943									
RXCJ2154.1-5751		21 54 09.2	-57 51 19	0.076									
RXCJ2154.2-0400		21 54 12.1	-04 00 19	0.1509									
RXCJ2157.4-0747		21 57 25.8	-07 47 41	0.0579									
RXCJ2158.3-2006		21 58 20.1	-20 06 16	0.057									
RXCJ2158.4-6023		21 58 27.2	-60 23 58	0.075									
RXCJ2158.5-0948		21 58 30.5	-09 48 28	0.0809									
RXCJ2201.8-2226		22 01 50.9	-22 26 40	0.0691									
RXCJ2201.9-5956		22 01 56.0	-59 56 58	0.098									
RXCJ2202.0-0949		22 02 05.9	-09 49 28	0.0809									
RXCJ2205.6-0535		22 05 40.5	-05 35 36	0.0582									
RXCJ2209.3-5148		22 09 23.3	-51 48 54	0.1065									
RXCJ2210.3-1210		22 10 19.7	-12 10 34	0.0846									
RXCJ2211.7-0350		22 11 43.4	-03 50 07	0.27									
RXCJ2213.0-2753		22 13 05.2	-27 53 59	0.061									
RXCJ2214.5-1022		22 14 32.6	-10 22 18	0.098									
RXCJ2216.2-0920		22 16 15.5	-09 20 24	0.0825									
RXCJ2216.9-1725		22 16 56.4	-17 25 34	0.1301									
RXCJ2217.7-3543		22 17 43.3	-35 43 34	0.1486									
RXCJ2218.0-6511		22 18 05.6	-65 11 06	0.0951									
RXCJ2218.2-0350		22 18 17.1	-03 50 03	0.0901									
RXCJ2218.6-3853		22 18 40.2	-38 53 51	0.1411									
RXCJ2218.8-0258		22 18 49.1	-02 58 07	0.0902									
RXCJ2220.5-3509		22 20 34.6	-35 09 53	0.1544									
RXCJ2223.8-0138		22 23 53.0	-01 38 16	0.0906									
RXCJ2224.4-5515		22 24 27.5	-55 15 22	0.0791									
RXCJ2224.7-5632		22 24 43.6	-56 32 05	0.0355									
RXCJ2225.8-0636		22 25 51.0	-06 36 12	0.0897									
RXCJ2227.8-3034		22 27 52.4	-30 34 12	0.0579									
RXCJ2228.8-6053		22 28 51.3	-60 53 56	0.0423									
RXCJ2234.5-3744		22 34 31.0	-37 44 06	0.151									
RXCJ2235.6+0128		22 35 40.6	+01 28 18	0.0594									
RXCJ2243.0-2009		22 43 04.6	-20 09 59	0.1359									
RXCJ2246.3-5243		22 46 18.6	-52 43 46	0.0965									
RXCJ2248.5-1606		22 48 32.9	-16 06 23	0.2472									
RXCJ2248.7-4431		22 48 43.5	-44 31 44	0.3475									
RXCJ2249.9-6425		22 49 57.0	-64 25 46	0.094									
RXCJ2251.0-1624		22 51 00.6	-16 24 24	0.1221									
RXCJ2251.7-3206		22 51 47.6	-32 06 12	0.246									
RXCJ2253.5-3343		22 53 34.2	-33 43 27	0.224									
RXCJ2254.0-6315		22 54 03.2	-63 15 15	0.2112									
RXCJ2305.5-4513		23 05 34.6	-45 13 14	0.1253									
RXCJ2306.6-1319		23 06 36.0	-13 19 12	0.0659									
RXCJ2307.2-1513		23 07 15.3	-15 13 42	0.111									
RXCJ2308.3-0211		23 08 23.2	-02 11 31	0.2966									
RXCJ2312.3-2130		23 12 20.7	-21 30 02	0.1108									
RXCJ2313.0-2137		23 13 00.9	-21 37 55	0.0871									
RXCJ2313.9-4244		23 13 58.6	-42 44 02	0.0564									
RXCJ2315.7-3746		23 15 44.2	-37 46 56	0.1786									
RXCJ2315.7-0222		23 15 45.2	-02 22 37	0.0267									
RXCJ2316.1-2027		23 16 07.5	-20 27 19	0.0822									
RXCJ2319.2-6750		23 19 12.0	-67 50 24	0.0286									
RXCJ2319.6-7313		23 19 41.8	-73 13 51	0.0984									
RXCJ2321.4-2312		23 21 24.3	-23 12 20	0.089									
RXCJ2321.5-4153		23 21 33.4	-41 53 56	0.0894									
RXCJ2321.8-6941		23 21 48.6	-69 41 55	0.1846									
RXCJ2325.3-1207		23 25 20.0	-12 07 38	0.0852									
RXCJ2326.7-5242		23 26 46.9	-52 42 36	0.1074									
RXCJ2331.2-3630		23 31 12.7	-36 30 24	0.0957									
RXCJ2336.2-3136		23 36 17.0	-31 36 37	0.0643									
RXCJ2337.6+0016		23 37 40.6	+00 16 36	0.2779									
RXCJ2340.1-8510		23 40 10.3	-85 10 42	0.1934									
RXCJ2341.2-0901		23 41 16.8	-09 01 39	0.251									
RXCJ2344.2-0422		23 44 16.0	-04 22 03	0.0786									
RXCJ2347.4-0218		23 47 24.4	-02 18 52	0.0223									
RXCJ2347.7-2808		23 47 43.2	-28 08 29	0.03									
RXCJ2351.6-2605		23 51 40.7	-26 05 01	0.2264									
RXCJ2354.2-1024		23 54 13.4	-10 24 46	0.0765									
RXCJ2357.0-3445		23 57 02.3	-34 45 38	0.0475									
RXCJ2359.3-6042		23 59 19.2	-60 42 00	0.0989									
RXCJ2359.9-3928		23 59 55.7	-39 28 47	0.1024									
