   1  0.1249 00 07 34.3 +16 30 42
   7  0.1073 00 11 41.7 +32 24 41
  14  0.0640 00 15 13.9 -23 53 19
  15  0.1210 00 15 13.8 -26 01 19
  16  0.0838 00 16 46.3 +06 44 40
  21  0.0948 00 20 30.8 +28 37 39
  22  0.1432 00 20 43.0 -25 42 21
  23  0.1052 00 21 45.7 -00 53 22
  24  0.1338 00 22 30.4 +23 17 38
  31  0.1596 00 27 06.9 +22 37 36
  41  0.2750 00 28 46.8 +07 50 35
  42  0.1087 00 28 36.3 -23 38 25
  43  0.1114 00 28 54.3 +17 34 35
  44  0.0559 00 29 35.5 +12 01 35
  46  0.1500 00 30 13.8 -12 52 26
  71  0.0724 00 37 45.7 +29 35 29
  75  0.0626 00 39 50.1 +21 15 28
  76  0.0416 00 39 47.1 +06 46 28
  77  0.0719 00 40 34.2 +29 31 27
  79  0.0927 00 40 37.5 +18 08 27
  84  0.1030 00 41 50.3 +21 24 27
  85  0.0518 00 41 37.8 -09 20 33
  86  0.0610 00 42 28.9 -21 47 34
  88  0.1086 00 42 51.8 -26 02 34
  95  0.1115 00 45 51.5 -00 51 37
  96  0.1344 00 46 26.5 +39 30 23
  98  0.1050 00 46 26.6 +20 29 23
 102  0.0632 00 48 40.1 +01 22 21
 104  0.0822 00 49 46.1 +24 31 20
 114  0.0566 00 53 39.7 -21 40 44
 115  0.1971 00 55 59.5 +26 19 14
 116  0.0665 00 55 51.9 +00 38 14
 117  0.0535 00 56 00.9 -10 01 46
 119  0.0440 00 56 21.4 -01 15 47
 121  0.1048 00 57 31.7 -07 00 48
 125  0.1880 01 00 08.0 +14 16 09
 133  0.0604 01 02 38.6 -21 47 53
 134  0.0699 01 03 02.9 -02 31 54
 136  0.1569 01 04 06.2 +25 04 05
 140  0.1520 01 04 31.6 -23 57 56
 141  0.2300 01 05 37.2 -24 35 57
 147  0.0438 01 08 10.4 +02 10 00
 150  0.0596 01 09 14.3 +13 09 59
 151  0.0526 01 08 52.3 -15 25 01
 154  0.0658 01 10 58.1 +17 39 56
 158  0.0645 01 11 45.8 +16 52 55
 160  0.0447 01 12 51.4 +15 30 54
 166  0.1156 01 14 33.6 -16 16 08
 168  0.0452 01 15 09.8 +00 14 51
 171  0.0706 01 16 46.0 +16 15 48
 175  0.1287 01 19 33.6 +14 52 44
 179  0.0547 01 21 47.8 +19 28 41
 180  0.1350 01 21 52.9 +03 00 41
 186  0.1029 01 22 41.4 -10 25 20
 188  0.1230 01 22 46.4 -12 46 20
 189  0.0335 01 23 40.4 +01 38 38
 190  0.1015 01 23 41.6 -09 51 22
 193  0.0482 01 25 07.4 +08 41 36
 194  0.0178 01 25 33.1 -01 30 25
 195  0.0422 01 26 54.2 +19 10 33
 204  0.1557 01 28 36.7 -06 47 30
 209  0.2060 01 31 57.5 -13 34 35
 216  0.1158 01 36 42.7 -06 24 43
 217  0.1126 01 36 35.9 -08 02 43
 222  0.2110 01 37 27.4 -12 58 45
 223  0.2070 01 37 57.5 -12 46 46
 224  0.1617 01 38 18.3 -06 56 46
 225  0.0692 01 38 55.1 +18 53 13
 226  0.1282 01 38 58.7 -10 14 47
 228  0.1289 01 39 10.8 -10 02 48
 232  0.1874 01 40 04.6 -10 21 49
 234  0.1731 01 41 01.3 +18 55 09
 236  0.1874 01 40 27.8 -11 50 50
 240  0.0618 01 41 55.5 +07 37 07
 243  0.1117 01 42 28.5 -10 13 54
 245  0.0790 01 44 06.9 +06 23 03
 246  0.0700 01 44 42.6 +05 48 02
 257  0.0706 01 48 59.2 +13 58 54
 259  0.1273 01 50 15.2 -11 59 09
 260  0.0348 01 51 53.9 +33 09 48
 261  0.0467 01 51 26.5 -02 14 11
 262  0.0161 01 52 50.4 +36 08 46
 272  0.0877 01 55 19.1 +33 56 41
 274  0.1289 01 54 42.2 -06 16 18
 277  0.0947 01 55 47.5 -07 22 20
 278  0.0896 01 57 18.1 +32 13 37
 279  0.0797 01 56 22.3 +01 03 39
 281  0.0880 01 57 06.4 -05 50 23
 293  0.1631 02 01 59.9 +03 46 26
 347  0.0187 02 25 50.9 +41 52 30
 348  0.2740 02 23 57.8 -08 35 26
 358  0.0576 02 30 12.2 -13 11 42
 370  0.3730 02 39 50.5 -01 35 08
 376  0.0489 02 45 48.5 +36 51 36
 389  0.1160 02 51 18.7 -24 54 42
 397  0.0325 02 56 58.9 +15 57 02
 399  0.0715 02 57 56.4 +13 00 59
 400  0.0232 02 57 38.6 +06 02 00
 401  0.0748 02 58 57.0 +13 34 56
 403  0.1033 02 59 12.5 +03 29 55
 407  0.0470 03 01 43.8 +35 49 48
 410  0.0897 03 03 54.8 +03 47 41
 415  0.0788 03 06 47.3 -12 02 29
 419  0.0406 03 08 30.3 -23 38 34
 423  0.0797 03 11 17.1 -12 06 43
 426  0.0183 03 18 36.4 +41 30 54
 439  0.1063 03 30 28.0 +24 47 14
 449  0.0803 03 49 33.6 +75 11 11
 450  0.0607 03 41 39.5 +23 29 34
 458  0.1050 03 45 50.6 -24 16 42
 465  0.0855 03 50 57.9 +06 18 00
 468  0.1325 03 52 43.8 +21 24 54
 478  0.0900 04 13 20.7 +10 28 35
 480  0.0473 04 15 04.7 +00 59 28
 484  0.0386 04 16 19.6 -07 39 37
 496  0.0320 04 33 37.1 -13 14 46
 500  0.0666 04 38 56.3 -22 06 08
 505  0.0543 05 00 12.8 +80 00 37
 506  0.1561 04 43 16.9 -09 42 26
 508  0.1479 04 45 53.9 +02 00 24
 509  0.0836 04 47 42.2 +02 17 16
 513  0.1491 04 48 10.8 -09 42 46
 514  0.0731 04 47 40.1 -20 25 44
 516  0.1407 04 50 05.8 -08 48 54
 517  0.2244 04 50 29.3 -09 13 56
 518  0.1804 04 51 21.6 -10 42 59
 520  0.2030 04 54 19.0 +02 56 49
 526  0.0541 04 59 51.8 +05 26 26
 527  0.0794 05 10 15.6 +73 41 49
 528  0.2896 04 59 17.5 -09 00 33
 533  0.0472 05 01 30.8 -22 36 42
 539  0.0205 05 16 35.1 +06 27 15
 545  0.1540 05 32 20.2 -11 31 54
 548  0.0410 05 47 01.7 -25 36 59
 553  0.0670 06 12 37.5 +48 36 13
 559  0.0757 06 40 08.0 +69 41 17
 562  0.1100 06 51 56.5 +69 16 26
 564  0.0779 07 00 42.0 +69 48 49
 566  0.0984 07 04 29.9 +63 17 32
 568  0.0751 07 07 36.7 +35 02 16
 569  0.0196 07 09 10.4 +48 37 10
 576  0.0381 07 21 24.2 +55 44 20
 586  0.1710 07 32 17.8 +31 37 34
 588  0.1600 07 38 57.4 +69 57 11
 592  0.0624 07 42 37.8 +09 21 51
 593  0.2260 07 51 58.6 +72 49 21
 595  0.0666 07 48 50.5 +52 04 29
 623  0.0871 08 05 38.9 -00 56 38
 629  0.1380 08 15 00.4 +66 25 52
 634  0.0267 08 14 33.7 +58 02 52
 639  0.2910 08 19 56.1 +67 54 34
 644  0.0704 08 17 26.4 -07 35 21
 646  0.1303 08 22 08.7 +47 06 24
 652  0.1938 08 25 42.3 +56 02 12
 655  0.1245 08 25 20.2 +47 07 13
 665  0.1816 08 30 45.2 +65 52 55
 671  0.0494 08 28 29.3 +30 25 01
 680  0.0790 08 35 19.1 +36 51 37
 688  0.0421 08 37 30.6 +15 51 29
 690  0.0788 08 39 14.3 +28 50 24
 695  0.0694 08 41 24.2 +32 17 16
 732  0.2030 08 57 54.5 +03 10 22
 733  0.1159 09 01 19.2 +55 37 13
 744  0.0729 09 07 17.6 +16 39 53
 750  0.1620 09 09 06.7 +11 01 48
 754  0.0528 09 08 50.1 -09 38 12
 757  0.0515 09 12 47.3 +47 42 38
 762  0.1332 09 19 04.3 +74 17 22
 777  0.2240 09 28 20.0 +78 13 58
 779  0.0226 09 19 50.8 +33 46 17
 780  0.0522 09 18 30.4 -12 15 40
 784  0.1236 09 22 29.0 +54 58 10
 786  0.1241 09 28 49.7 +74 47 55
 787  0.1352 09 28 33.7 +74 23 56
 795  0.1357 09 24 02.5 +14 10 05
 801  0.1918 09 28 01.4 +20 33 54
 819  0.0759 09 32 16.7 +09 39 42
 838  0.0507 09 37 06.4 -05 00 30
 854  0.2069 09 42 03.8 +08 56 17
 858  0.0881 09 43 25.7 +05 53 14
 868  0.1530 09 45 28.1 -08 38 51
 873  0.1820 09 52 44.1 +71 17 54
 882  0.1408 09 51 15.0 +08 14 55
 895  0.3600 09 56 44.5 +49 29 43
 910  0.2055 10 02 58.9 +67 09 30
 912  0.0888 10 01 09.8 -00 06 28
 913  0.1675 10 02 34.2 +20 28 30
 923  0.1162 10 06 31.4 +25 54 21
 924  0.0989 10 07 02.8 +35 39 20
 945  0.0917 10 15 40.4 +69 05 04
 951  0.1427 10 13 54.8 +34 43 06
 957  0.0440 10 13 57.3 -00 54 54
 963  0.2060 10 17 09.6 +39 01 00
 978  0.0527 10 20 30.6 -06 31 07
 979  0.0550 10 20 23.9 -07 53 07
 991  0.0880 10 22 25.4 +18 52 50
 993  0.0533 10 21 55.4 -04 57 10
 999  0.0318 10 23 22.1 +12 50 48
1003  0.0520 10 25 04.0 +47 47 45
1016  0.0321 10 27 03.0 +10 58 41
1018  0.2970 10 27 54.2 +17 33 40
1020  0.0650 10 27 50.7 +10 24 40
1035  0.0799 10 32 07.3 +40 12 33
1060  0.0114 10 36 51.3 -27 31 35
1069  0.0630 10 39 54.3 -08 36 40
1073  0.1390 10 42 26.6 +36 38 17
1081  0.1588 10 44 49.5 +35 34 13
1093  0.2260 10 46 55.2 +09 04 10
1094  0.2004 10 47 32.8 +27 31 09
1100  0.0455 10 48 54.3 +22 14 08
1101  0.1614 10 49 42.0 +44 21 07
1123  0.1235 10 56 41.0 +75 30 58
1126  0.0852 10 53 57.7 +16 51 01
1132  0.1363 10 58 19.7 +56 46 56
1139  0.0383 10 58 04.3 +01 29 56
1142  0.0353 11 00 55.0 +10 32 52
1146  0.1410 11 01 20.6 -22 43 08
1149  0.0710 11 03 00.0 +07 37 50
1169  0.0582 11 08 06.7 +43 56 45
1170  0.1620 11 07 30.0 +08 00 45
1177  0.0316 11 09 27.8 +21 41 43
1178  0.2596 11 09 50.1 +34 35 43
1185  0.0304 11 10 47.8 +28 40 42
1186  0.0791 11 13 51.4 +75 23 40
1187  0.0791 11 11 39.7 +39 34 41
1190  0.0794 11 11 46.2 +40 50 41
1201  0.1688 11 13 01.1 +13 25 40
1213  0.0468 11 16 29.1 +29 15 37
1216  0.0524 11 17 44.8 -04 28 24
1218  0.0792 11 18 49.5 +51 42 35
1224  0.2897 11 20 54.4 +36 25 34
1225  0.1033 11 21 19.7 +53 45 33
1227  0.1120 11 21 34.6 +48 01 33
1228  0.0350 11 21 29.7 +34 19 33
1232  0.1676 11 22 07.5 +17 53 32
1234  0.1663 11 22 26.2 +21 23 32
1235  0.1042 11 22 55.8 +19 37 32
1238  0.0716 11 22 58.0 +01 05 32
1246  0.2160 11 23 50.1 +21 25 31
1254  0.0628 11 26 51.3 +71 04 30
1257  0.0339 11 26 05.0 +35 19 30
1264  0.1267 11 27 12.8 +17 08 29
1267  0.0321 11 27 56.7 +26 51 29
1270  0.0689 11 29 28.6 +54 03 28
1275  0.0603 11 29 58.6 +36 40 27
1278  0.1290 11 30 13.2 +20 28 27
1283  0.1434 11 31 13.5 +60 45 27
1291  0.0530 11 32 04.5 +56 01 26
1292  0.2319 11 31 46.0 +35 49 26
1299  0.2247 11 32 21.5 +33 58 26
1304  0.2131 11 32 45.7 +35 27 26
1308  0.0481 11 32 51.2 -03 58 35
1314  0.0341 11 34 48.7 +49 02 25
1318  0.0566 11 36 26.1 +54 57 24
1322  0.1104 11 36 59.9 +63 13 24
1334  0.0555 11 38 51.3 -04 18 37
1337  0.0826 11 39 22.9 +10 09 22
1342  0.1061 11 40 40.8 +10 04 22
1343  0.1318 11 41 20.2 +60 39 22
1345  0.1095 11 41 10.9 +10 41 22
1346  0.0970 11 41 10.4 +05 41 22
1354  0.1178 11 42 10.8 +10 09 21
1356  0.0698 11 42 28.8 +10 26 21
1359  0.1783 11 43 31.4 +61 39 21
1360  0.1535 11 43 04.8 +11 01 21
1364  0.1070 11 43 39.6 -01 45 39
1365  0.0763 11 44 24.7 +30 54 21
1367  0.0215 11 44 29.5 +19 50 21
1372  0.1126 11 45 28.7 +11 31 20
1373  0.1314 11 45 27.6 -02 23 40
1377  0.0514 11 46 57.9 +55 44 20
1382  0.1053 11 48 21.1 +71 26 20
1383  0.0603 11 48 09.2 +54 37 20
1385  0.0831 11 48 04.6 +11 33 20
1392  0.1382 11 50 33.7 -00 34 41
1396  0.1441 11 51 13.9 +54 51 19
1399  0.0913 11 51 09.6 -03 05 41
1400  0.0778 11 51 25.9 +55 06 19
1401  0.1648 11 52 05.8 +37 16 19
1412  0.0839 11 55 45.3 +73 28 18
1413  0.1427 11 55 22.5 +23 22 18
1430  0.2105 11 59 28.4 +49 47 18
1436  0.0646 12 00 28.1 +56 15 18
1437  0.1339 12 00 27.8 +03 20 18
1446  0.1028 12 01 51.5 +58 01 18
1452  0.0631 12 03 38.9 +51 44 18
1468  0.0844 12 05 38.1 +51 25 18
1474  0.0791 12 07 57.2 +14 57 18
1495  0.1429 12 13 25.8 +29 14 19
1496  0.0941 12 13 21.8 +59 16 19
1497  0.1669 12 14 07.9 +26 39 20
1504  0.1836 12 15 19.6 +27 31 20
1507  0.0592 12 15 50.3 +59 58 20
1514  0.1995 12 17 55.9 +20 39 21
1524  0.1369 12 21 44.9 +07 50 22
1525  0.2590 12 22 03.9 -01 08 38
1533  0.2319 12 24 33.6 +00 54 23
1541  0.0892 12 27 26.6 +08 50 24
1548  0.1611 12 29 00.9 +19 25 25
1550  0.2540 12 29 12.8 +47 42 25
1552  0.0837 12 29 50.0 +11 44 26
1553  0.1652 12 30 50.1 +10 34 26
1559  0.1042 12 33 05.6 +67 06 28
1562  0.1900 12 34 13.3 +41 10 28
1569  0.0784 12 36 18.7 +16 35 30
1571  0.2090 12 32 42.1 +83 20 28
1589  0.0718 12 41 35.8 +18 35 33
1609  0.0891 12 46 27.2 +26 25 37
1616  0.0833 12 47 38.4 +55 02 39
1622  0.2855 12 49 35.1 +49 49 40
1630  0.0649 12 51 44.6 +04 33 42
1631  0.0508 12 52 49.8 -15 26 17
1632  0.1962 12 53 01.5 +28 48 43
1643  0.1981 12 55 54.4 +44 04 46
1644  0.0449 12 57 14.8 -17 21 13
1650  0.0845 12 58 46.2 -01 45 11
1651  0.0825 12 59 22.9 -04 11 10
1656  0.0232 12 59 48.7 +27 58 51
1661  0.1671 13 01 48.0 +29 04 53
1667  0.1648 13 03 16.6 +31 48 55
1674  0.1055 13 03 32.0 +67 29 55
1675  0.1840 13 05 15.0 +34 32 57
1677  0.1832 13 05 52.6 +30 53 58
1679  0.1699 13 06 34.0 +31 47 58
1685  0.1970 13 08 50.2 +34 45 01
1689  0.1810 13 11 34.2 -01 21 55
1691  0.0722 13 11 23.2 +39 12 05
1697  0.1829 13 12 54.2 +46 15 07
1736  0.0350 13 26 52.2 -27 06 33
1738  0.1146 13 25 07.8 +57 36 25
1749  0.0590 13 29 32.3 +37 37 32
1750  0.0860 13 30 52.5 -01 50 27
1758  0.2800 13 32 32.1 +50 30 37
1759  0.1680 13 34 00.0 +20 14 39
1760  0.1711 13 34 06.0 +20 12 39
1763  0.1870 13 35 16.5 +40 57 41
1767  0.0701 13 36 00.3 +59 12 43
1773  0.1773 13 42 08.6 +02 14 53
1774  0.1691 13 41 09.9 +40 00 52
1775  0.0696 13 41 55.6 +26 21 53
1781  0.0762 13 44 29.0 +29 50 58
1783  0.0766 13 43 21.4 +55 35 56
1785  0.2136 13 44 40.7 +38 08 59
1793  0.0849 13 48 20.6 +32 17 06
1795  0.0616 13 49 00.5 +26 35 07
1800  0.0724 13 49 41.4 +28 04 08
1809  0.0788 13 53 18.9 +05 09 15
1825  0.0618 13 57 57.4 +20 39 25
1827  0.0668 13 58 14.7 +21 42 26
1831  0.0733 13 59 10.2 +27 59 28
1836  0.0363 14 01 40.6 -11 36 27
1837  0.0376 14 01 46.3 -11 09 27
1840  0.1104 14 01 31.9 +30 34 33
1859  0.0988 14 05 09.5 +60 05 42
1872  0.1508 14 09 02.8 +61 56 51
1873  0.0776 14 11 44.4 +28 08 56
1877  0.1241 14 10 26.0 +59 46 54
1878  0.2540 14 12 49.4 +29 12 59
1880  0.1413 14 13 12.7 +22 24 00
1884  0.1220 14 11 51.1 +61 22 58
1889  0.1860 14 16 41.5 +30 43 08
1890  0.0570 14 17 34.3 +08 11 10
1899  0.0536 14 21 21.4 +17 41 20
1904  0.0708 14 22 07.9 +48 33 22
1911  0.1913 14 24 26.0 +38 57 28
1913  0.0533 14 26 51.8 +16 40 34
1914  0.1712 14 26 03.0 +37 49 32
1918  0.1415 14 25 09.5 +63 09 31
1920  0.1310 14 27 16.9 +55 46 36
1921  0.1352 14 29 16.5 +23 05 40
1927  0.0740 14 31 02.1 +25 39 45
1929  0.2191 14 31 52.5 +29 31 47
1930  0.1313 14 32 38.4 +31 36 49
1934  0.2195 14 33 22.4 +29 26 51
1936  0.1386 14 34 28.6 +54 48 55
1937  0.1382 14 34 26.3 +58 15 55
1939  0.0883 14 37 14.2 +24 50 02
1940  0.1396 14 35 27.6 +55 08 58
1942  0.2240 14 38 37.0 +03 40 05
1952  0.2480 14 41 04.2 +28 38 12
1954  0.1810 14 42 04.2 +28 31 15
1957  0.2410 14 43 07.4 +31 12 18
1958  0.2284 14 43 13.6 +30 58 19
1960  0.1876 14 44 30.3 +19 20 22
1961  0.2320 14 44 31.2 +31 11 22
1972  0.1189 14 48 19.9 +23 56 33
1976  0.1169 14 50 22.4 +20 57 39
1979  0.1687 14 51 00.2 +31 16 41
1980  0.1152 14 51 32.8 +22 39 42
1983  0.0441 14 52 44.0 +16 44 46
1984  0.1231 14 52 21.6 +27 56 45
1986  0.1182 14 53 09.3 +21 54 47
1988  0.1160 14 53 28.4 +20 46 48
1990  0.1269 14 53 45.3 +28 04 49
1991  0.0586 14 54 30.2 +18 37 51
1997  0.2499 14 55 52.8 +20 03 55
1999  0.1032 14 54 05.7 +54 18 51
2001  0.1122 14 57 02.2 +22 44 59
2003  0.2172 14 58 41.2 +19 27 04
2004  0.0640 14 58 35.9 +24 56 04
2005  0.1257 14 58 45.0 +27 49 04
2006  0.1164 14 59 34.9 +19 40 07
2008  0.1810 15 00 01.6 +23 08 08
2009  0.1530 15 00 15.3 +21 22 09
2012  0.1511 15 01 49.6 +16 31 13
2020  0.0578 15 03 45.0 +07 55 19
2021  0.0994 15 03 31.4 +23 01 19
2022  0.0564 15 04 19.7 +28 25 22
2028  0.0772 15 09 33.2 +07 31 38
2029  0.0767 15 10 58.7 +05 45 42
2036  0.1163 15 11 29.6 +18 03 44
2040  0.0456 15 12 45.2 +07 25 48
2048  0.0945 15 15 17.9 +04 22 56
2050  0.1183 15 16 21.6 +00 05 59
2052  0.0348 15 16 45.5 +07 00 01
2053  0.1127 15 17 16.3 -00 40 58
2055  0.0530 15 18 46.2 +06 12 08
2056  0.0763 15 19 12.3 +28 16 10
2061  0.0768 15 21 15.3 +30 39 17
2063  0.0337 15 23 01.9 +08 38 22
2064  0.1076 15 20 59.4 +48 38 17
2065  0.0721 15 22 42.6 +27 43 21
2067  0.0732 15 23 14.8 +30 54 23
2069  0.1160 15 23 57.9 +29 53 26
2079  0.0662 15 28 04.7 +28 52 40
2083  0.1143 15 29 26.3 +30 44 45
2084  0.3420 15 30 08.2 +35 17 47
2089  0.0743 15 32 41.3 +28 00 56
2092  0.0669 15 33 19.4 +31 08 58
2100  0.1533 15 36 22.0 +37 38 09
2107  0.0421 15 39 47.9 +21 46 21
2108  0.0919 15 40 04.1 +17 53 21
2110  0.0978 15 39 43.3 +30 42 21
2111  0.2290 15 39 38.3 +34 24 21
2124  0.0654 15 44 59.3 +36 03 40
2125  0.2465 15 40 58.3 +66 18 28
2142  0.0899 15 58 16.1 +27 13 29
2147  0.0356 16 02 17.2 +15 53 43
2148  0.0442 16 03 18.0 +25 27 48
2151  0.0371 16 05 15.0 +17 44 55
2152  0.0374 16 05 22.4 +16 26 55
2158  0.1349 16 08 14.7 +43 00 07
2162  0.0320 16 12 30.0 +29 32 23
2163  0.1698 16 15 34.1 -06 07 26
2165  0.1286 16 14 09.7 +26 40 30
2172  0.1387 16 16 44.8 +42 23 41
2175  0.0978 16 20 22.9 +29 54 54
2177  0.0769 16 20 58.5 +25 44 56
2178  0.0928 16 21 29.9 +24 38 58
2179  0.1360 16 20 14.4 +42 24 54
2183  0.1365 16 21 31.7 +42 42 59
2184  0.0550 16 21 02.9 +50 11 58
2187  0.1825 16 24 16.2 +41 15 10
2192  0.1868 16 26 37.2 +42 40 20
2196  0.1332 16 27 21.4 +41 29 23
2197  0.0303 16 28 10.5 +40 54 26
2198  0.0798 16 28 04.7 +43 49 26
2199  0.0303 16 28 37.0 +39 31 28
2204  0.1523 16 32 45.7 +05 34 43
2210  0.1465 16 34 45.8 +05 28 51
2211  0.1355 16 34 03.8 +40 55 50
2213  0.1597 16 36 32.9 +41 17 00
2218  0.1710 16 35 54.0 +66 13 00
2220  0.1106 16 39 38.1 +53 45 14
2224  0.1504 16 43 24.8 +13 20 27
2235  0.1511 16 54 57.9 +40 01 16
2240  0.1380 16 54 04.5 +66 44 16
2241  0.0635 16 59 40.6 +32 32 35
2244  0.0970 17 02 44.0 +34 02 48
2246  0.2250 17 00 43.9 +64 12 43
2247  0.0392 16 47 22.1 +81 33 57
2248  0.0663 16 57 47.6 +77 00 36
2249  0.0809 17 09 43.0 +34 27 18
2250  0.0654 17 10 45.6 +39 41 23
2252  0.1147 17 13 53.4 +49 23 37
2255  0.0800 17 12 31.0 +64 05 33
2256  0.0601 17 03 43.5 +78 43 03
2257  0.1054 17 17 57.8 +32 34 53
2263  0.1051 17 23 12.3 +26 56 16
2266  0.1671 17 24 40.3 +32 06 22
2270  0.2377 17 27 16.7 +55 10 35
2271  0.0568 17 17 17.5 +78 01 00
2283  0.1830 17 44 28.0 +69 38 53
2295  0.0508 17 59 55.8 +69 13 01
2301  0.0874 18 14 46.1 +69 39 06
2317  0.2110 19 08 17.2 +69 03 55
2319  0.0564 19 20 45.3 +43 57 43
2320  0.1710 19 16 31.1 +70 59 29
2328  0.1470 20 48 13.9 -17 48 53
2330  0.1138 20 57 47.3 -22 02 23
2339  0.1128 21 21 08.8 -21 27 13
2344  0.1447 21 25 37.8 -20 47 00
2347  0.1196 21 29 32.7 -22 12 50
2355  0.1244 21 35 20.9 +01 23 26
2356  0.1161 21 35 45.8 +00 07 27
2366  0.0542 21 42 50.4 -06 52 15
2377  0.0808 21 45 58.4 -10 02 07
2382  0.0648 21 52 01.9 -15 38 53
2384  0.2384 21 52 16.5 -19 32 53
2388  0.0615 21 53 34.7 +08 14 11
2397  0.2240 21 56 09.0 +01 20 17
2399  0.0587 21 57 32.6 -07 47 40
2400  0.0881 21 57 46.8 -11 22 40
2410  0.0806 22 02 03.6 -09 53 30
2412  0.0735 22 04 10.7 -21 26 26
2415  0.0597 22 05 25.0 -05 35 23
2420  0.0838 22 10 22.6 -12 11 13
2440  0.0904 22 23 52.6 -01 35 47
2443  0.1080 22 26 07.4 +17 20 17
2444  0.3240 22 27 33.6 -23 50 40
2448  0.0810 22 31 43.6 -08 26 33
2457  0.0597 22 35 45.2 +01 28 33
2459  0.0736 22 36 34.6 -15 39 25
2462  0.0698 22 39 05.2 -17 21 21
2469  0.0656 22 40 28.8 +12 15 41
2471  0.1078 22 41 48.9 +07 15 43
2496  0.1233 22 50 57.8 -16 24 05
2506  0.0331 22 56 35.4 +13 20 03
2509  0.2306 22 57 53.1 -21 43 56
2518  0.1351 23 00 47.6 -24 09 52
2521  0.1359 23 02 16.7 -21 58 51
2528  0.0955 23 05 40.1 -21 23 47
2531  0.1741 23 06 58.1 -21 40 46
2534  0.1976 23 07 34.3 -22 39 45
2536  0.1971 23 07 46.2 -22 25 45
2538  0.0817 23 08 39.3 -19 52 44
2539  0.1735 23 08 45.8 -21 28 44
2540  0.1297 23 09 27.9 -22 09 43
2541  0.1018 23 10 04.1 -22 57 43
2542  0.1603 23 10 04.6 -24 29 43
2546  0.1119 23 10 45.9 -22 39 42
2547  0.1492 23 10 51.4 -21 07 42
2548  0.1101 23 11 21.2 -20 25 41
2550  0.1543 23 11 33.6 -21 44 41
2554  0.1060 23 12 27.4 -21 28 40
2555  0.1385 23 12 45.5 -22 12 40
2556  0.0865 23 13 03.3 -21 37 40
2559  0.0796 23 13 07.2 -13 41 40
2565  0.1271 23 15 50.9 -21 06 37
2566  0.0821 23 15 56.7 -20 22 37
2568  0.1398 23 16 57.0 -22 11 36
2572  0.0395 23 18 23.6 +18 44 25
2584  0.1196 23 22 03.9 +27 33 28
2589  0.0421 23 24 00.5 +16 49 29
2593  0.0433 23 24 31.0 +14 38 29
2597  0.0852 23 25 18.0 -12 06 30
2616  0.1832 23 33 15.0 +05 36 35
2618  0.0705 23 33 48.4 +23 00 35
2622  0.0621 23 34 53.8 +27 25 36
2623  0.1784 23 35 03.0 +05 36 36
2625  0.0609 23 36 19.1 +20 31 36
2626  0.0573 23 36 31.0 +21 09 36
2630  0.0675 23 37 31.8 +15 49 37
2632  0.1860 23 37 46.9 -09 13 23
2634  0.0312 23 38 18.4 +27 01 37
2638  0.0825 23 40 29.0 -11 42 22
2645  0.2460 23 41 22.7 -09 02 21
2646  0.1930 23 41 22.8 -10 00 21
2657  0.0414 23 44 51.0 +09 08 40
2658  0.1850 23 44 58.8 -12 18 20
2665  0.0556 23 50 45.4 +06 06 41
2666  0.0265 23 50 56.2 +27 08 41
2670  0.0745 23 54 10.2 -10 24 18
2675  0.0726 23 55 33.4 +11 25 42
2686  0.1124 23 59 22.0 -20 48 18
2694  0.0958 00 02 33.8 +08 25 42
2700  0.0978 00 03 51.8 +02 03 42
2703  0.1144 00 05 22.1 +16 05 42
2717  0.0498 00 03 15.3 -35 57 18
2721  0.1140 00 06 08.8 -34 43 18
2730  0.1140 00 09 55.9 -35 41 18
2731  0.0312 00 10 11.7 -56 59 18
2744  0.3080 00 14 19.5 -30 23 19
2762  0.1124 00 19 26.5 -53 32 21
2764  0.0641 00 20 27.2 -49 13 21
2798  0.1126 00 37 34.0 -28 32 30
2806  0.0271 00 40 10.8 -56 09 32
2824  0.0486 00 48 34.4 -21 20 39
2860  0.0268 01 04 06.6 -39 46 55
2870  0.0250 01 07 43.2 -46 55 00
2877  0.0241 01 09 49.3 -45 54 02
2889  0.0667 01 14 45.8 -48 30 09
2896  0.0317 01 18 17.0 -37 06 14
2911  0.0202 01 26 02.8 -37 58 26
2933  0.0208 01 40 42.0 -54 33 51
2988  0.0649 02 12 54.4 -47 07 59
2995  0.0378 02 15 10.6 -24 50 04
3004  0.0635 02 18 51.6 -48 00 14
3009  0.0631 02 22 07.8 -48 34 22
3040  0.0923 02 40 07.4 -55 25 10
3078  0.0600 03 00 27.5 -51 50 10
3093  0.0585 03 10 52.0 -47 23 43
3106  0.0645 03 14 31.1 -58 05 55
3108  0.0632 03 15 14.6 -47 37 57
3109  0.0673 03 16 39.2 -43 51 02
3110  0.0755 03 16 31.5 -50 54 01
3112  0.0703 03 17 56.3 -44 14 06
3120  0.0696 03 21 53.3 -51 19 19
3123  0.0650 03 22 57.4 -52 01 23
3125  0.0593 03 27 22.6 -53 30 38
3126  0.0862 03 28 40.3 -55 42 43
3128  0.0554 03 30 12.4 -52 33 48
3136  0.1203 03 32 14.1 -71 49 58
3144  0.0423 03 37 04.1 -55 01 12
3157  0.2090 03 43 31.9 -29 56 34
3158  0.0590 03 43 00.6 -53 38 33
3164  0.0611 03 45 49.7 -57 02 44
3193  0.0340 03 58 13.0 -52 20 29
3202  0.0388 04 00 14.9 -53 39 37
3207  0.2120 04 02 51.8 -27 11 46
3225  0.0433 04 09 16.7 -59 36 13
3231  0.0570 04 11 52.0 -64 36 23
3266  0.0594 04 31 09.7 -61 28 40
3330  0.0903 05 14 42.2 -49 03 40
3334  0.0953 05 17 58.2 -58 32 55
3338  0.0446 05 22 37.8 -48 16 14
3376  0.0455 06 00 43.6 -40 03 00
3380  0.0567 06 06 57.6 -49 29 28
3381  0.0282 06 09 55.4 -33 35 39
3389  0.0248 06 21 47.4 -64 57 35
3391  0.0531 06 26 15.4 -53 40 52
3395  0.0498 06 27 31.1 -54 23 58
3526  0.0110 12 48 51.8 -41 18 21
3528  0.0553 12 54 18.2 -29 01 16
3537  0.0167 13 01 02.6 -32 26 09
3545  0.0385 13 11 23.3 -34 04 56
3554  0.0153 13 19 30.5 -33 28 45
3558  0.0482 13 27 54.8 -31 29 32
3559  0.0471 13 29 53.9 -29 31 29
3560  0.0109 13 31 50.5 -33 13 25
3562  0.0499 13 33 31.8 -31 40 23
3565  0.0109 13 36 39.9 -33 58 17
3570  0.0372 13 46 50.8 -37 54 58
3574  0.0141 13 49 09.4 -30 17 54
3593  0.1196 14 19 11.1 -19 28 47
3627  0.0143 16 15 32.8 -60 54 30
3629  0.0854 16 39 15.0 -82 28 07
3651  0.0588 19 52 10.9 -55 05 16
3653  0.0475 19 52 37.8 -52 01 14
3656  0.0185 20 00 32.1 -38 31 43
3664  0.0369 20 14 01.1 -80 39 02
3665  0.2370 20 09 49.7 -53 10 09
3667  0.0530 20 12 30.1 -56 49 00
3676  0.0404 20 25 19.9 -40 21 12
3677  0.0330 20 26 21.4 -33 21 08
3685  0.0620 20 32 11.9 -56 25 49
3687  0.0759 20 33 23.9 -63 01 45
3703  0.0708 20 40 02.5 -61 20 22
3706  0.0200 20 42 14.3 -38 20 14
3716  0.0456 20 51 32.8 -52 42 44
3733  0.0386 21 01 59.0 -28 03 10
3736  0.0487 21 03 18.2 -43 19 06
3742  0.0165 21 06 41.8 -47 08 56
3747  0.0306 21 08 41.4 -43 29 50
3749  0.0320 21 10 14.7 -45 48 45
3771  0.0796 21 29 30.5 -50 48 51
3782  0.0557 21 34 31.6 -62 01 38
3783  0.1955 21 33 58.9 -42 38 38
3785  0.0775 21 34 28.4 -53 37 37
3796  0.0756 21 39 28.6 -51 23 24
3806  0.0747 21 46 37.9 -57 17 07
3816  0.0352 21 50 26.3 -55 18 58
3822  0.0760 21 54 06.2 -57 50 49
3825  0.0744 21 58 22.4 -60 23 39
3826  0.0754 21 59 54.5 -56 09 36
3827  0.0993 22 01 43.8 -59 56 32
3831  0.0650 22 03 19.8 -45 49 28
3849  0.0678 22 15 53.4 -51 33 02
3851  0.0529 22 16 42.6 -52 35 01
3854  0.1214 22 17 42.9 -35 42 58
3869  0.0396 22 21 26.6 -55 07 52
3879  0.0224 22 27 49.8 -69 01 41
3886  0.0750 22 31 40.1 -54 44 34
3888  0.1680 22 34 23.0 -37 43 29
3911  0.0381 22 46 08.3 -52 43 11
3925  0.0516 22 51 49.0 -46 35 03
3934  0.2240 22 53 34.8 -33 43 01
3963  0.0890 23 03 50.1 -44 18 49
3969  0.0699 23 05 37.5 -44 08 47
3990  0.0286 23 18 46.3 -67 46 35
4038  0.0283 23 47 41.9 -28 08 19
4049  0.0283 23 51 35.3 -28 22 18
4059  0.0456 23 56 40.7 -34 40 18