2717  0.0498 00 03 15.3 -35 57 18
2721  0.1140 00 06 08.8 -34 43 18
2730  0.1140 00 09 55.9 -35 41 18
2731  0.0312 00 10 11.7 -56 59 18
2744  0.3080 00 14 19.5 -30 23 19
2762  0.1124 00 19 26.5 -53 32 21
2764  0.0641 00 20 27.2 -49 13 21
2798  0.1126 00 37 34.0 -28 32 30
2806  0.0271 00 40 10.8 -56 09 32
2824  0.0486 00 48 34.4 -21 20 39
2860  0.0268 01 04 06.6 -39 46 55
2870  0.0250 01 07 43.2 -46 55 00
2877  0.0241 01 09 49.3 -45 54 02
2889  0.0667 01 14 45.8 -48 30 09
2896  0.0317 01 18 17.0 -37 06 14
2911  0.0202 01 26 02.8 -37 58 26
2933  0.0208 01 40 42.0 -54 33 51
2988  0.0649 02 12 54.4 -47 07 59
2995  0.0378 02 15 10.6 -24 50 04
3004  0.0635 02 18 51.6 -48 00 14
3009  0.0631 02 22 07.8 -48 34 22
3040  0.0923 02 40 07.4 -55 25 10
3078  0.0600 03 00 27.5 -51 50 10
3093  0.0585 03 10 52.0 -47 23 43
3106  0.0645 03 14 31.1 -58 05 55
3108  0.0632 03 15 14.6 -47 37 57
3109  0.0673 03 16 39.2 -43 51 02
3110  0.0755 03 16 31.5 -50 54 01
3112  0.0703 03 17 56.3 -44 14 06
3120  0.0696 03 21 53.3 -51 19 19
3123  0.0650 03 22 57.4 -52 01 23
3125  0.0593 03 27 22.6 -53 30 38
3126  0.0862 03 28 40.3 -55 42 43
3128  0.0554 03 30 12.4 -52 33 48
3136  0.1203 03 32 14.1 -71 49 58
3144  0.0423 03 37 04.1 -55 01 12
3157  0.2090 03 43 31.9 -29 56 34
3158  0.0590 03 43 00.6 -53 38 33
3164  0.0611 03 45 49.7 -57 02 44
3193  0.0340 03 58 13.0 -52 20 29
3202  0.0388 04 00 14.9 -53 39 37
3207  0.2120 04 02 51.8 -27 11 46
3225  0.0433 04 09 16.7 -59 36 13
3231  0.0570 04 11 52.0 -64 36 23
3266  0.0594 04 31 09.7 -61 28 40
3330  0.0903 05 14 42.2 -49 03 40
3334  0.0953 05 17 58.2 -58 32 55
3338  0.0446 05 22 37.8 -48 16 14
3376  0.0455 06 00 43.6 -40 03 00
3380  0.0567 06 06 57.6 -49 29 28
3381  0.0282 06 09 55.4 -33 35 39
3389  0.0248 06 21 47.4 -64 57 35
3391  0.0531 06 26 15.4 -53 40 52
3395  0.0498 06 27 31.1 -54 23 58
3526  0.0110 12 48 51.8 -41 18 21
3528  0.0553 12 54 18.2 -29 01 16
3537  0.0167 13 01 02.6 -32 26 09
3545  0.0385 13 11 23.3 -34 04 56
3554  0.0153 13 19 30.5 -33 28 45
3558  0.0482 13 27 54.8 -31 29 32
3559  0.0471 13 29 53.9 -29 31 29
3560  0.0109 13 31 50.5 -33 13 25
3562  0.0499 13 33 31.8 -31 40 23
3565  0.0109 13 36 39.9 -33 58 17
3570  0.0372 13 46 50.8 -37 54 58
3574  0.0141 13 49 09.4 -30 17 54
3593  0.1196 14 19 11.1 -19 28 47
3627  0.0143 16 15 32.8 -60 54 30
3629  0.0854 16 39 15.0 -82 28 07
3651  0.0588 19 52 10.9 -55 05 16
3653  0.0475 19 52 37.8 -52 01 14
3656  0.0185 20 00 32.1 -38 31 43
3664  0.0369 20 14 01.1 -80 39 02
3665  0.2370 20 09 49.7 -53 10 09
3667  0.0530 20 12 30.1 -56 49 00
3676  0.0404 20 25 19.9 -40 21 12
3677  0.0330 20 26 21.4 -33 21 08
3685  0.0620 20 32 11.9 -56 25 49
3687  0.0759 20 33 23.9 -63 01 45
3703  0.0708 20 40 02.5 -61 20 22
3706  0.0200 20 42 14.3 -38 20 14
3716  0.0456 20 51 32.8 -52 42 44
3733  0.0386 21 01 59.0 -28 03 10
3736  0.0487 21 03 18.2 -43 19 06
3742  0.0165 21 06 41.8 -47 08 56
3747  0.0306 21 08 41.4 -43 29 50
3749  0.0320 21 10 14.7 -45 48 45
3771  0.0796 21 29 30.5 -50 48 51
3782  0.0557 21 34 31.6 -62 01 38
3783  0.1955 21 33 58.9 -42 38 38
3785  0.0775 21 34 28.4 -53 37 37
3796  0.0756 21 39 28.6 -51 23 24
3806  0.0747 21 46 37.9 -57 17 07
3816  0.0352 21 50 26.3 -55 18 58
3822  0.0760 21 54 06.2 -57 50 49
3825  0.0744 21 58 22.4 -60 23 39
3826  0.0754 21 59 54.5 -56 09 36
3827  0.0993 22 01 43.8 -59 56 32
3831  0.0650 22 03 19.8 -45 49 28
3849  0.0678 22 15 53.4 -51 33 02
3851  0.0529 22 16 42.6 -52 35 01
3854  0.1214 22 17 42.9 -35 42 58
3869  0.0396 22 21 26.6 -55 07 52
3879  0.0224 22 27 49.8 -69 01 41
3886  0.0750 22 31 40.1 -54 44 34
3888  0.1680 22 34 23.0 -37 43 29
3911  0.0381 22 46 08.3 -52 43 11
3925  0.0516 22 51 49.0 -46 35 03
3934  0.2240 22 53 34.8 -33 43 01
3963  0.0890 23 03 50.1 -44 18 49
3969  0.0699 23 05 37.5 -44 08 47
3990  0.0286 23 18 46.3 -67 46 35
4038  0.0283 23 47 41.9 -28 08 19
4049  0.0283 23 51 35.3 -28 22 18
4059  0.0456 23 56 40.7 -34 40 18