['1', 0.1249, 0.12619444444444444, 16.511666666666667]
['7', 0.1073, 0.19491666666666668, 32.41138888888889]
['14', 0.064, 0.25386111111111115, -22.11138888888889]
['15', 0.121, 0.25383333333333336, -25.978055555555557]
['16', 0.0838, 0.2795277777777778, 6.7444444444444445]
['21', 0.0948, 0.34188888888888885, 28.6275]
['22', 0.1432, 0.34527777777777774, -24.294166666666666]
['23', 0.1052, 0.36269444444444443, 0.8894444444444445]
['24', 0.1338, 0.3751111111111111, 23.29388888888889]
['31', 0.1596, 0.45191666666666663, 22.626666666666665]
['41', 0.275, 0.4796666666666667, 7.843055555555556]
['42', 0.1087, 0.47675, -22.35972222222222]
['43', 0.1114, 0.48175, 17.57638888888889]
['44', 0.0559, 0.49319444444444444, 12.026388888888889]
['46', 0.15, 0.5038333333333334, -11.126111111111111]
['71', 0.0724, 0.6293611111111111, 29.59138888888889]
['75', 0.0626, 0.6639166666666667, 21.25777777777778]
['76', 0.0416, 0.6630833333333332, 6.774444444444445]
['77', 0.0719, 0.6761666666666667, 29.524166666666666]
['79', 0.0927, 0.6770833333333334, 18.140833333333333]
['84', 0.103, 0.6973055555555555, 21.4075]
['85', 0.0518, 0.6938333333333334, -8.6575]
['86', 0.061, 0.7080277777777778, -20.20722222222222]
['88', 0.1086, 0.7143888888888889, -25.95722222222222]
['95', 0.1115, 0.7643055555555556, 0.8602777777777778]
['96', 0.1344, 0.7740277777777779, 39.506388888888885]
['98', 0.105, 0.7740555555555556, 20.489722222222223]
['102', 0.0632, 0.811138888888889, 1.3725]
['104', 0.0822, 0.8294722222222222, 24.522222222222222]
['114', 0.0566, 0.8943611111111112, -20.32111111111111]
['115', 0.1971, 0.9331944444444444, 26.320555555555554]
['116', 0.0665, 0.9310833333333334, 0.6372222222222222]
['117', 0.0535, 0.9335833333333333, -9.970555555555556]
['119', 0.044, 0.9392777777777778, -0.7369444444444444]
['121', 0.1048, 0.9588055555555556, -6.986666666666666]
['125', 0.188, 1.0022222222222221, 14.269166666666667]
['133', 0.0604, 1.0440555555555555, -20.201944444444443]
['134', 0.0699, 1.0508055555555555, -1.4683333333333333]
['136', 0.1569, 1.0683888888888888, 25.068055555555556]
['140', 0.152, 1.0754444444444444, -22.034444444444446]
['141', 0.23, 1.0936666666666666, -23.400833333333335]
['147', 0.0438, 1.1362222222222222, 2.1666666666666665]
['150', 0.0596, 1.1539722222222222, 13.16638888888889]
['151', 0.0526, 1.1478611111111112, -14.583055555555555]
['154', 0.0658, 1.1828055555555554, 17.665555555555557]
['158', 0.0645, 1.1960555555555556, 16.881944444444443]
['160', 0.0447, 1.2142777777777778, 15.515]
['166', 0.1156, 1.2426666666666666, -15.731111111111112]
['168', 0.0452, 1.2527222222222223, 0.2475]
['171', 0.0706, 1.2794444444444444, 16.263333333333332]
['175', 0.1287, 1.326, 14.87888888888889]
['179', 0.0547, 1.3632777777777778, 19.478055555555557]
['180', 0.135, 1.3646944444444444, 3.011388888888889]
['186', 0.1029, 1.3781666666666668, -9.577777777777778]
['188', 0.123, 1.3795555555555556, -11.227777777777778]
['189', 0.0335, 1.3945555555555555, 1.6438888888888887]
['190', 0.1015, 1.3948888888888888, -8.143888888888888]
['193', 0.0482, 1.4187222222222222, 8.693333333333333]
['194', 0.0178, 1.425861111111111, -0.4930555555555556]
['195', 0.0422, 1.448388888888889, 19.175833333333333]
['204', 0.1557, 1.4768611111111112, -5.208333333333333]
['209', 0.206, 1.5326388888888889, -12.42361111111111]
['216', 0.1158, 1.6118611111111112, -5.588055555555556]
['217', 0.1126, 1.6099722222222224, -7.954722222222222]
['222', 0.211, 1.6242777777777777, -11.020833333333334]
['223', 0.207, 1.632638888888889, -11.220555555555556]
['224', 0.1617, 1.6384166666666666, -5.053888888888888]
['225', 0.0692, 1.648638888888889, 18.886944444444445]
['226', 0.1282, 1.6496388888888889, -9.75361111111111]
['228', 0.1289, 1.653, -9.953333333333333]
['232', 0.1874, 1.6679444444444445, -9.636388888888888]
['234', 0.1731, 1.6836944444444444, 18.919166666666666]
['236', 0.1874, 1.6743888888888887, -10.152777777777779]
['240', 0.0618, 1.69875, 7.618611111111111]
['243', 0.1117, 1.7079166666666667, -9.768333333333333]
['245', 0.079, 1.7352500000000002, 6.384166666666666]
['246', 0.07, 1.7451666666666665, 5.8005555555555555]
['257', 0.0706, 1.8164444444444445, 13.981666666666667]
['259', 0.1273, 1.8375555555555554, -10.014166666666666]
['260', 0.0348, 1.8649722222222223, 33.163333333333334]
['261', 0.0467, 1.857361111111111, -1.763611111111111]
['262', 0.0161, 1.8806666666666667, 36.14611111111111]
['272', 0.0877, 1.9219722222222222, 33.944722222222225]
['274', 0.1289, 1.911722222222222, -5.7283333333333335]
['277', 0.0947, 1.929861111111111, -6.627777777777778]
['278', 0.0896, 1.9550277777777778, 32.22694444444444]
['279', 0.0797, 1.9395277777777777, 1.0608333333333333]
['281', 0.088, 1.9517777777777778, -4.160277777777778]
['293', 0.1631, 2.0333055555555557, 3.773888888888889]
['347', 0.0187, 2.4308055555555557, 41.875]
['348', 0.274, 2.399388888888889, -7.4094444444444445]
['358', 0.0576, 2.503388888888889, -12.805]
['370', 0.373, 2.6640277777777777, -0.4144444444444445]
['376', 0.0489, 2.763472222222222, 36.86]
['389', 0.116, 2.8551944444444444, -23.088333333333335]
['397', 0.0325, 2.9496944444444444, 15.950555555555555]
['399', 0.0715, 2.9656666666666665, 13.016388888888889]
['400', 0.0232, 2.960722222222222, 6.033333333333333]
['401', 0.0748, 2.9825, 13.582222222222223]
['403', 0.1033, 2.9868055555555557, 3.498611111111111]
['407', 0.047, 3.0288333333333335, 35.83]
['410', 0.0897, 3.0652222222222223, 3.794722222222222]
['415', 0.0788, 3.113138888888889, -11.95861111111111]
['419', 0.0406, 3.14175, -22.357222222222223]
['423', 0.0797, 3.188083333333333, -11.888055555555555]
['426', 0.0183, 3.310111111111111, 41.515]
['439', 0.1063, 3.5077777777777777, 24.787222222222223]
['449', 0.0803, 3.826, 75.18638888888889]
['450', 0.0607, 3.6943055555555553, 23.49277777777778]
['458', 0.105, 3.7640555555555557, -23.721666666666668]
['465', 0.0855, 3.8494166666666665, 6.3]
['468', 0.1325, 3.878833333333333, 21.415]
['478', 0.09, 4.222416666666667, 10.47638888888889]
['480', 0.0473, 4.251305555555556, 0.9911111111111112]
['484', 0.0386, 4.272111111111111, -6.339722222222222]
['496', 0.032, 4.560305555555556, -12.75388888888889]
['500', 0.0666, 4.6489722222222225, -21.897777777777776]
['505', 0.0543, 5.003555555555556, 80.01027777777777]
['506', 0.1561, 4.721361111111111, -8.292777777777777]
['508', 0.1479, 4.764972222222222, 2.006666666666667]
['509', 0.0836, 4.795055555555556, 2.287777777777778]
['513', 0.1491, 4.803, -8.287222222222223]
['514', 0.0731, 4.794472222222222, -19.57111111111111]
['516', 0.1407, 4.834944444444444, -7.1850000000000005]
['517', 0.2244, 4.841472222222222, -8.767777777777777]
['518', 0.1804, 4.856, -9.283611111111112]
['520', 0.203, 4.905277777777778, 2.9469444444444446]
['526', 0.0541, 4.997722222222222, 5.440555555555555]
['527', 0.0794, 5.171, 73.69694444444444]
['528', 0.2896, 4.988194444444444, -8.990833333333333]
['533', 0.0472, 5.025222222222222, -21.388333333333332]
['539', 0.0205, 5.276416666666667, 6.454166666666667]
['545', 0.154, 5.538944444444445, -10.468333333333334]
['548', 0.041, 5.783805555555555, -24.38361111111111]
['553', 0.067, 6.210416666666666, 48.603611111111114]
['559', 0.0757, 6.668888888888889, 69.68805555555555]
['562', 0.11, 6.865694444444444, 69.27388888888889]
['564', 0.0779, 7.011666666666667, 69.81361111111111]
['566', 0.0984, 7.074972222222222, 63.29222222222222]
['568', 0.0751, 7.126861111111111, 35.03777777777778]
['569', 0.0196, 7.152888888888889, 48.61944444444445]
['576', 0.0381, 7.356722222222222, 55.73888888888889]
['586', 0.171, 7.538277777777778, 31.62611111111111]
['588', 0.16, 7.649277777777778, 69.95305555555555]
['592', 0.0624, 7.7105, 9.364166666666666]
['593', 0.226, 7.8662777777777775, 72.8225]
['595', 0.0666, 7.814027777777778, 52.07472222222222]
['623', 0.0871, 8.094138888888889, 0.9438888888888889]
['629', 0.138, 8.250111111111112, 66.43111111111111]
['634', 0.0267, 8.242694444444444, 58.047777777777775]
['639', 0.291, 8.33225, 67.90944444444445]
['644', 0.0704, 8.290666666666667, -6.410833333333334]
['646', 0.1303, 8.369083333333334, 47.10666666666667]
['652', 0.1938, 8.428416666666667, 56.03666666666667]
['655', 0.1245, 8.422277777777778, 47.12027777777778]
['665', 0.1816, 8.512555555555556, 65.88194444444444]
['671', 0.0494, 8.474805555555555, 30.416944444444443]
['680', 0.079, 8.58863888888889, 36.860277777777775]
['688', 0.0421, 8.625166666666667, 15.858055555555556]
['690', 0.0788, 8.653972222222222, 28.84]
['695', 0.0694, 8.690055555555556, 32.28777777777778]
['732', 0.203, 8.96513888888889, 3.1727777777777777]
['733', 0.1159, 9.022, 55.62027777777778]
['744', 0.0729, 9.121555555555556, 16.664722222222224]
['750', 0.162, 9.151861111111112, 11.03]
['754', 0.0528, 9.14725, -8.363333333333333]
['757', 0.0515, 9.213138888888889, 47.71055555555556]
['762', 0.1332, 9.31786111111111, 74.28944444444444]
['777', 0.224, 9.472222222222221, 78.23277777777778]
['779', 0.0226, 9.330777777777778, 33.771388888888886]
['780', 0.0522, 9.308444444444444, -11.738888888888889]
['784', 0.1236, 9.374722222222223, 54.96944444444444]
['786', 0.1241, 9.480472222222222, 74.79861111111111]
['787', 0.1352, 9.476027777777778, 74.39888888888889]
['795', 0.1357, 9.400694444444444, 14.168055555555556]
['801', 0.1918, 9.467055555555556, 20.565]
['819', 0.0759, 9.537972222222223, 9.661666666666667]
['838', 0.0507, 9.618444444444444, -4.991666666666666]
['854', 0.2069, 9.701055555555556, 8.938055555555556]
['858', 0.0881, 9.723805555555556, 5.887222222222222]
['868', 0.153, 9.757805555555555, -7.3525]
['873', 0.182, 9.878916666666667, 71.29833333333333]
['882', 0.1408, 9.854166666666666, 8.248611111111112]
['895', 0.36, 9.945694444444445, 49.49527777777778]
['910', 0.2055, 10.049694444444444, 67.15833333333333]
['912', 0.0888, 10.019388888888889, 0.10777777777777778]
['913', 0.1675, 10.042833333333334, 20.475]
['923', 0.1162, 10.108722222222223, 25.905833333333334]
['924', 0.0989, 10.117444444444445, 35.65555555555556]
['945', 0.0917, 10.261222222222223, 69.08444444444444]
['951', 0.1427, 10.23188888888889, 34.718333333333334]
['957', 0.044, 10.232583333333332, 0.9149999999999999]
['963', 0.206, 10.286, 39.016666666666666]
['978', 0.0527, 10.341833333333334, -5.481388888888889]
['979', 0.055, 10.339972222222222, -6.114722222222222]
['991', 0.088, 10.373722222222222, 18.880555555555556]
['993', 0.0533, 10.365388888888889, -3.0472222222222225]
['999', 0.0318, 10.389472222222222, 12.846666666666666]
['1003', 0.052, 10.417777777777777, 47.795833333333334]
['1016', 0.0321, 10.450833333333334, 10.978055555555555]
['1018', 0.297, 10.465055555555555, 17.56111111111111]
['1020', 0.065, 10.464083333333333, 10.411111111111111]
['1035', 0.0799, 10.535361111111111, 40.20916666666667]
['1060', 0.0114, 10.61425, -26.47361111111111]
['1069', 0.063, 10.665083333333333, -7.388888888888889]
['1073', 0.139, 10.70738888888889, 36.63805555555555]
['1081', 0.1588, 10.747083333333334, 35.570277777777775]
['1093', 0.226, 10.782, 9.069444444444445]
['1094', 0.2004, 10.792444444444444, 27.519166666666667]
['1100', 0.0455, 10.815083333333334, 22.235555555555557]
['1101', 0.1614, 10.828333333333333, 44.35194444444444]
['1123', 0.1235, 10.944722222222222, 75.51611111111112]
['1126', 0.0852, 10.89936111111111, 16.850277777777777]
['1132', 0.1363, 10.972138888888889, 56.782222222222224]
['1139', 0.0383, 10.96786111111111, 1.498888888888889]
['1142', 0.0353, 11.015277777777778, 10.547777777777778]
['1146', 0.141, 11.022388888888889, -21.281111111111112]
['1149', 0.071, 11.05, 7.6305555555555555]
['1169', 0.0582, 11.135194444444444, 43.94583333333333]
['1170', 0.162, 11.125, 8.0125]
['1177', 0.0316, 11.157722222222223, 21.69527777777778]
['1178', 0.2596, 11.163916666666667, 34.59527777777778]
['1185', 0.0304, 11.179944444444445, 28.678333333333335]
['1186', 0.0791, 11.230944444444445, 75.39444444444445]
['1187', 0.0791, 11.19436111111111, 39.57805555555556]
['1190', 0.0794, 11.196166666666667, 40.844722222222224]
['1201', 0.1688, 11.216972222222223, 13.427777777777777]
['1213', 0.0468, 11.27475, 29.260277777777777]
['1216', 0.0524, 11.295777777777777, -3.526666666666667]
['1218', 0.0792, 11.31375, 51.709722222222226]
['1224', 0.2897, 11.348444444444445, 36.42611111111111]
['1225', 0.1033, 11.355472222222222, 53.759166666666665]
['1227', 0.112, 11.35961111111111, 48.02583333333333]
['1228', 0.035, 11.35825, 34.325833333333335]
['1232', 0.1676, 11.36875, 17.892222222222223]
['1234', 0.1663, 11.373944444444444, 21.392222222222223]
['1235', 0.1042, 11.382166666666667, 19.625555555555554]
['1238', 0.0716, 11.382777777777777, 1.0922222222222222]
['1246', 0.216, 11.39725, 21.42527777777778]
['1254', 0.0628, 11.447583333333334, 71.075]
['1257', 0.0339, 11.434722222222222, 35.325]
['1264', 0.1267, 11.453555555555555, 17.14138888888889]
['1267', 0.0321, 11.46575, 26.858055555555556]
['1270', 0.0689, 11.491277777777778, 54.05777777777778]
['1275', 0.0603, 11.499611111111111, 36.674166666666665]
['1278', 0.129, 11.503666666666666, 20.474166666666665]
['1283', 0.1434, 11.520416666666666, 60.7575]
['1291', 0.053, 11.534583333333334, 56.02388888888889]
['1292', 0.2319, 11.529444444444444, 35.82388888888889]
['1299', 0.2247, 11.539305555555556, 33.97388888888889]
['1304', 0.2131, 11.546027777777779, 35.45722222222222]
['1308', 0.0481, 11.547555555555556, -2.0236111111111112]
['1314', 0.0341, 11.580194444444444, 49.040277777777774]
['1318', 0.0566, 11.60725, 54.95666666666666]
['1322', 0.1104, 11.61663888888889, 63.223333333333336]
['1334', 0.0555, 11.647583333333333, -3.689722222222222]
['1337', 0.0826, 11.656361111111112, 10.15611111111111]
['1342', 0.1061, 11.678, 10.072777777777778]
['1343', 0.1318, 11.688944444444445, 60.65611111111111]
['1345', 0.1095, 11.686361111111111, 10.689444444444444]
['1346', 0.097, 11.686222222222222, 5.689444444444445]
['1354', 0.1178, 11.703, 10.155833333333334]
['1356', 0.0698, 11.708, 10.439166666666667]
['1359', 0.1783, 11.725388888888888, 61.655833333333334]
['1360', 0.1535, 11.718, 11.0225]
['1364', 0.107, 11.727666666666666, -0.23916666666666664]
['1365', 0.0763, 11.740194444444445, 30.905833333333334]
['1367', 0.0215, 11.741527777777778, 19.839166666666667]
['1372', 0.1126, 11.757972222222222, 11.522222222222222]
['1373', 0.1314, 11.757666666666667, -1.6055555555555556]
['1377', 0.0514, 11.78275, 55.73888888888889]
['1382', 0.1053, 11.805861111111112, 71.43888888888888]
['1383', 0.0603, 11.802555555555555, 54.62222222222222]
['1385', 0.0831, 11.801277777777777, 11.555555555555555]
['1392', 0.1382, 11.842694444444444, 0.5780555555555555]
['1396', 0.1441, 11.853861111111112, 54.85527777777778]
['1399', 0.0913, 11.852666666666666, -2.9052777777777776]
['1400', 0.0778, 11.857194444444444, 55.10527777777778]
['1401', 0.1648, 11.868277777777777, 37.27194444444444]
['1412', 0.0839, 11.92925, 73.47166666666666]
['1413', 0.1427, 11.922916666666667, 23.371666666666666]
['1430', 0.2105, 11.991222222222222, 49.788333333333334]
['1436', 0.0646, 12.007805555555555, 56.255]
['1437', 0.1339, 12.007722222222222, 3.3383333333333334]
['1446', 0.1028, 12.030972222222223, 58.02166666666667]
['1452', 0.0631, 12.060805555555556, 51.73833333333333]
['1468', 0.0844, 12.093916666666667, 51.42166666666667]
['1474', 0.0791, 12.132555555555555, 14.955]
['1495', 0.1429, 12.223833333333333, 29.238611111111112]
['1496', 0.0941, 12.222722222222222, 59.27194444444444]
['1497', 0.1669, 12.235527777777778, 26.655555555555555]
['1504', 0.1836, 12.255444444444445, 27.522222222222222]
['1507', 0.0592, 12.263972222222222, 59.97222222222222]
['1514', 0.1995, 12.298861111111112, 20.655833333333334]
['1524', 0.1369, 12.362472222222221, 7.839444444444444]
['1525', 0.259, 12.367750000000001, -0.8561111111111112]
['1533', 0.2319, 12.409333333333333, 0.9063888888888889]
['1541', 0.0892, 12.45738888888889, 8.84]
['1548', 0.1611, 12.483583333333334, 19.42361111111111]
['1550', 0.254, 12.486888888888888, 47.706944444444446]
['1552', 0.0837, 12.497222222222222, 11.740555555555556]
['1553', 0.1652, 12.513916666666667, 10.573888888888888]
['1559', 0.1042, 12.551555555555556, 67.10777777777778]
['1562', 0.19, 12.570361111111112, 41.17444444444445]
['1569', 0.0784, 12.605194444444445, 16.591666666666665]
['1571', 0.209, 12.545027777777777, 83.3411111111111]
['1589', 0.0718, 12.693277777777778, 18.5925]
['1609', 0.0891, 12.774222222222223, 26.426944444444445]
['1616', 0.0833, 12.794, 55.04416666666667]
['1622', 0.2855, 12.826416666666667, 49.827777777777776]
['1630', 0.0649, 12.862388888888889, 4.5616666666666665]
['1631', 0.0508, 12.8805, -14.561944444444444]
['1632', 0.1962, 12.88375, 28.811944444444446]
['1643', 0.1981, 12.931777777777778, 44.07944444444445]
['1644', 0.0449, 12.95411111111111, -16.64638888888889]
['1650', 0.0845, 12.9795, -0.24694444444444452]
['1651', 0.0825, 12.989694444444444, -3.813888888888889]
['1656', 0.0232, 12.99686111111111, 27.980833333333333]
['1661', 0.1671, 13.03, 29.08138888888889]
['1667', 0.1648, 13.054611111111111, 31.815277777777776]
['1674', 0.1055, 13.05888888888889, 67.49861111111112]
['1675', 0.184, 13.0875, 34.549166666666665]
['1677', 0.1832, 13.097944444444444, 30.899444444444445]
['1679', 0.1699, 13.109444444444444, 31.799444444444443]
['1685', 0.197, 13.147277777777777, 34.750277777777775]
['1689', 0.181, 13.192833333333333, -0.6347222222222222]
['1691', 0.0722, 13.189777777777778, 39.201388888888886]
['1697', 0.1829, 13.215055555555555, 46.25194444444445]
['1736', 0.035, 13.447833333333334, -26.890833333333333]
['1738', 0.1146, 13.418833333333334, 57.606944444444444]
['1749', 0.059, 13.492305555555555, 37.62555555555556]
['1750', 0.086, 13.514583333333333, -0.15916666666666657]
['1758', 0.28, 13.54225, 50.51027777777778]
['1759', 0.168, 13.566666666666666, 20.24416666666667]
['1760', 0.1711, 13.568333333333333, 20.210833333333333]
['1763', 0.187, 13.587916666666667, 40.96138888888889]
['1767', 0.0701, 13.600083333333334, 59.21194444444444]
['1773', 0.1773, 13.702388888888889, 2.2480555555555557]
['1774', 0.1691, 13.686083333333332, 40.01444444444444]
['1775', 0.0696, 13.698777777777778, 26.364722222222223]
['1781', 0.0762, 13.741388888888888, 29.849444444444444]
['1783', 0.0766, 13.722611111111112, 55.59888888888889]
['1785', 0.2136, 13.74463888888889, 38.14972222222222]
['1793', 0.0849, 13.805722222222222, 32.285]
['1795', 0.0616, 13.816805555555556, 26.585277777777776]
['1800', 0.0724, 13.828166666666666, 28.06888888888889]
['1809', 0.0788, 13.888583333333333, 5.154166666666667]
['1825', 0.0618, 13.965944444444444, 20.656944444444445]
['1827', 0.0668, 13.97075, 21.70722222222222]
['1831', 0.0733, 13.986166666666668, 27.99111111111111]
['1836', 0.0363, 14.027944444444444, -10.3925]
['1837', 0.0376, 14.029527777777778, -10.8425]
['1840', 0.1104, 14.025527777777778, 30.575833333333332]
['1859', 0.0988, 14.085972222222223, 60.095]
['1872', 0.1508, 14.150777777777778, 61.9475]
['1873', 0.0776, 14.195666666666666, 28.148888888888887]
['1877', 0.1241, 14.17388888888889, 59.781666666666666]
['1878', 0.254, 14.213722222222222, 29.21638888888889]
['1880', 0.1413, 14.220194444444445, 22.4]
['1884', 0.122, 14.197527777777777, 61.382777777777775]
['1889', 0.186, 14.278194444444445, 30.718888888888888]
['1890', 0.057, 14.292861111111112, 8.186111111111112]
['1899', 0.0536, 14.355944444444445, 17.68888888888889]
['1904', 0.0708, 14.36886111111111, 48.556111111111115]
['1911', 0.1913, 14.407222222222222, 38.95777777777778]
['1913', 0.0533, 14.447722222222222, 16.676111111111112]
['1914', 0.1712, 14.434166666666666, 37.82555555555555]
['1918', 0.1415, 14.419305555555555, 63.158611111111114]
['1920', 0.131, 14.454694444444444, 55.776666666666664]
['1921', 0.1352, 14.487916666666667, 23.094444444444445]
['1927', 0.074, 14.51725, 25.6625]
['1929', 0.2191, 14.53125, 29.529722222222222]
['1930', 0.1313, 14.544, 31.613611111111112]
['1934', 0.2195, 14.556222222222223, 29.4475]
['1936', 0.1386, 14.57461111111111, 54.81527777777778]
['1937', 0.1382, 14.573972222222222, 58.265277777777776]
['1939', 0.0883, 14.620611111111112, 24.83388888888889]
['1940', 0.1396, 14.591, 55.14944444444444]
['1942', 0.224, 14.643611111111111, 3.6680555555555556]
['1952', 0.248, 14.6845, 28.636666666666667]
['1954', 0.181, 14.701166666666667, 28.520833333333332]
['1957', 0.241, 14.718722222222222, 31.205]
['1958', 0.2284, 14.720444444444444, 30.971944444444446]
['1960', 0.1876, 14.74175, 19.339444444444446]
['1961', 0.232, 14.742, 31.189444444444444]
['1972', 0.1189, 14.805527777777778, 23.9425]
['1976', 0.1169, 14.839555555555556, 20.960833333333333]
['1979', 0.1687, 14.850055555555555, 31.278055555555557]
['1980', 0.1152, 14.859111111111112, 22.661666666666665]
['1983', 0.0441, 14.87888888888889, 16.746111111111112]
['1984', 0.1231, 14.872666666666667, 27.945833333333333]
['1986', 0.1182, 14.885916666666667, 21.913055555555555]
['1988', 0.116, 14.891222222222222, 20.78]
['1990', 0.1269, 14.895916666666666, 28.080277777777777]
['1991', 0.0586, 14.908388888888888, 18.630833333333335]
['1997', 0.2499, 14.931333333333333, 20.065277777777776]
['1999', 0.1032, 14.901583333333333, 54.314166666666665]
['2001', 0.1122, 14.950611111111112, 22.74972222222222]
['2003', 0.2172, 14.978111111111112, 19.45111111111111]
['2004', 0.064, 14.976638888888889, 24.934444444444445]
['2005', 0.1257, 14.979166666666666, 27.817777777777778]
['2006', 0.1164, 14.993027777777778, 19.66861111111111]
['2008', 0.181, 15.000444444444444, 23.135555555555555]
['2009', 0.153, 15.00425, 21.369166666666665]
['2012', 0.1511, 15.030444444444445, 16.52027777777778]
['2020', 0.0578, 15.0625, 7.921944444444445]
['2021', 0.0994, 15.058722222222222, 23.021944444444443]
['2022', 0.0564, 15.072138888888889, 28.422777777777778]
['2028', 0.0772, 15.159222222222223, 7.527222222222222]
['2029', 0.0767, 15.182972222222222, 5.761666666666667]
['2036', 0.1163, 15.191555555555556, 18.06222222222222]
['2040', 0.0456, 15.212555555555555, 7.43]
['2048', 0.0945, 15.254972222222221, 4.3822222222222225]
['2050', 0.1183, 15.272666666666666, 0.09972222222222223]
['2052', 0.0348, 15.279305555555556, 7.000277777777778]
['2053', 0.1127, 15.287861111111111, 0.6827777777777778]
['2055', 0.053, 15.312833333333334, 6.202222222222222]
['2056', 0.0763, 15.320083333333333, 28.269444444444446]
['2061', 0.0768, 15.35425, 30.654722222222222]
['2063', 0.0337, 15.383861111111111, 8.639444444444445]
['2064', 0.1076, 15.349833333333333, 48.63805555555555]
['2065', 0.0721, 15.3785, 27.7225]
['2067', 0.0732, 15.387444444444444, 30.906388888888888]
['2069', 0.116, 15.399416666666667, 29.890555555555554]
['2079', 0.0662, 15.467972222222222, 28.877777777777776]
['2083', 0.1143, 15.490638888888888, 30.745833333333334]
['2084', 0.342, 15.502277777777778, 35.29638888888889]
['2089', 0.0743, 15.544805555555556, 28.015555555555554]
['2092', 0.0669, 15.555388888888888, 31.149444444444445]
['2100', 0.1533, 15.606111111111112, 37.63583333333333]
['2107', 0.0421, 15.663305555555555, 21.7725]
['2108', 0.0919, 15.667805555555555, 17.889166666666668]
['2110', 0.0978, 15.662027777777778, 30.705833333333334]
['2111', 0.229, 15.660638888888888, 34.405833333333334]
['2124', 0.0654, 15.749805555555556, 36.06111111111111]
['2125', 0.2465, 15.68286111111111, 66.30777777777777]
['2142', 0.0899, 15.97113888888889, 27.224722222222223]
['2147', 0.0356, 16.03811111111111, 15.895277777777778]
['2148', 0.0442, 16.055, 25.463333333333335]
['2151', 0.0371, 16.0875, 17.74861111111111]
['2152', 0.0374, 16.089555555555556, 16.448611111111113]
['2158', 0.1349, 16.137416666666667, 43.00194444444445]
['2162', 0.032, 16.208333333333332, 29.539722222222224]
['2163', 0.1698, 16.25947222222222, -5.876111111111111]
['2165', 0.1286, 16.236027777777778, 26.675]
['2172', 0.1387, 16.27911111111111, 42.39472222222222]
['2175', 0.0978, 16.339694444444444, 29.915]
['2177', 0.0769, 16.349583333333335, 25.74888888888889]
['2178', 0.0928, 16.358305555555557, 24.649444444444445]
['2179', 0.136, 16.337333333333333, 42.415]
['2183', 0.1365, 16.358805555555556, 42.716388888888886]
['2184', 0.055, 16.350805555555556, 50.199444444444445]
['2187', 0.1825, 16.4045, 41.25277777777778]
['2192', 0.1868, 16.443666666666665, 42.672222222222224]
['2196', 0.1332, 16.455944444444444, 41.48972222222222]
['2197', 0.0303, 16.469583333333333, 40.907222222222224]
['2198', 0.0798, 16.467972222222222, 43.82388888888889]
['2199', 0.0303, 16.476944444444445, 39.52444444444444]
['2204', 0.1523, 16.546027777777777, 5.578611111111111]
['2210', 0.1465, 16.57938888888889, 5.480833333333333]
['2211', 0.1355, 16.567722222222223, 40.93055555555556]
['2213', 0.1597, 16.60913888888889, 41.28333333333333]
['2218', 0.171, 16.598333333333333, 66.21666666666667]
['2220', 0.1106, 16.660583333333335, 53.75388888888889]
['2224', 0.1504, 16.723555555555556, 13.340833333333332]
['2235', 0.1511, 16.916083333333333, 40.02111111111111]
['2240', 0.138, 16.90125, 66.73777777777778]
['2241', 0.0635, 16.994611111111112, 32.543055555555554]
['2244', 0.097, 17.045555555555556, 34.04666666666667]
['2246', 0.225, 17.012194444444443, 64.21194444444444]
['2247', 0.0392, 16.789472222222223, 81.56583333333333]
['2248', 0.0663, 16.96322222222222, 77.01]
['2249', 0.0809, 17.161944444444444, 34.455]
['2250', 0.0654, 17.179333333333332, 39.68972222222222]
['2252', 0.1147, 17.2315, 49.39361111111111]
['2255', 0.08, 17.20861111111111, 64.0925]
['2256', 0.0601, 17.062083333333334, 78.7175]
['2257', 0.1054, 17.29938888888889, 32.58138888888889]
['2263', 0.1051, 17.38675, 26.93777777777778]
['2266', 0.1671, 17.411194444444444, 32.10611111111111]
['2270', 0.2377, 17.45463888888889, 55.17638888888889]
['2271', 0.0568, 17.288194444444443, 78.01666666666667]
['2283', 0.183, 17.74111111111111, 69.64805555555556]
['2295', 0.0508, 17.998833333333334, 69.21694444444445]
['2301', 0.0874, 18.24613888888889, 69.65166666666667]
['2317', 0.211, 19.13811111111111, 69.06527777777778]
['2319', 0.0564, 19.345916666666668, 43.96194444444444]
['2320', 0.171, 19.275305555555555, 70.99138888888889]
['2328', 0.147, 20.80386111111111, -16.185277777777777]
['2330', 0.1138, 20.96313888888889, -21.960277777777776]
['2339', 0.1128, 21.352444444444444, -20.546388888888888]
['2344', 0.1447, 21.42716666666667, -19.216666666666665]
['2347', 0.1196, 21.492416666666667, -21.78611111111111]
['2355', 0.1244, 21.58913888888889, 1.3905555555555555]
['2356', 0.1161, 21.596055555555555, 0.12416666666666668]
['2366', 0.0542, 21.714, -5.129166666666666]
['2377', 0.0808, 21.766222222222222, -9.964722222222223]
['2382', 0.0648, 21.867194444444443, -14.351944444444445]
['2384', 0.2384, 21.87125, -18.451944444444443]
['2388', 0.0615, 21.892972222222223, 8.23638888888889]
['2397', 0.224, 21.935833333333335, 1.3380555555555556]
['2399', 0.0587, 21.959055555555555, -6.205555555555556]
['2400', 0.0881, 21.963, -10.622222222222222]
['2410', 0.0806, 22.034333333333333, -8.108333333333333]
['2412', 0.0735, 22.06963888888889, -20.559444444444445]
['2415', 0.0597, 22.09027777777778, -4.410277777777778]
['2420', 0.0838, 22.172944444444443, -11.813055555555556]
['2440', 0.0904, 22.397944444444445, -0.40361111111111114]
['2443', 0.108, 22.435388888888887, 17.338055555555556]
['2444', 0.324, 22.459333333333333, -22.155555555555555]
['2448', 0.081, 22.528777777777776, -7.5575]
['2457', 0.0597, 22.59588888888889, 1.4758333333333333]
['2459', 0.0736, 22.60961111111111, -14.343055555555555]
['2462', 0.0698, 22.651444444444444, -16.644166666666667]
['2469', 0.0656, 22.674666666666667, 12.261388888888888]
['2471', 0.1078, 22.696916666666667, 7.2619444444444445]
['2496', 0.1233, 22.84938888888889, -15.598611111111111]
['2506', 0.0331, 22.943166666666666, 13.334166666666667]
['2509', 0.2306, 22.96475, -20.267777777777777]
['2518', 0.1351, 23.013222222222222, -23.835555555555555]
['2521', 0.1359, 23.037972222222223, -20.019166666666667]
['2528', 0.0955, 23.094472222222223, -20.60361111111111]
['2531', 0.1741, 23.116138888888887, -20.320555555555554]
['2534', 0.1976, 23.126194444444444, -21.3375]
['2536', 0.1971, 23.1295, -21.570833333333333]
['2538', 0.0817, 23.14425, -18.121111111111112]
['2539', 0.1735, 23.146055555555556, -20.52111111111111]
['2540', 0.1297, 23.15775, -21.838055555555556]
['2541', 0.1018, 23.167805555555557, -21.038055555555555]
['2542', 0.1603, 23.167944444444444, -23.504722222222224]
['2546', 0.1119, 23.17941666666667, -21.338333333333335]
['2547', 0.1492, 23.180944444444446, -20.871666666666666]
['2548', 0.1101, 23.189222222222224, -19.571944444444444]
['2550', 0.1543, 23.192666666666668, -20.255277777777778]
['2554', 0.106, 23.20761111111111, -20.522222222222222]
['2555', 0.1385, 23.21263888888889, -21.788888888888888]
['2556', 0.0865, 23.217583333333334, -20.372222222222224]
['2559', 0.0796, 23.218666666666667, -12.305555555555555]
['2565', 0.1271, 23.26413888888889, -20.889722222222222]
['2566', 0.0821, 23.26575, -19.623055555555556]
['2568', 0.1398, 23.2825, -21.80666666666667]
['2572', 0.0395, 23.306555555555555, 18.740277777777777]
['2584', 0.1196, 23.36775, 27.557777777777776]
['2589', 0.0421, 23.40013888888889, 16.82472222222222]
['2593', 0.0433, 23.40861111111111, 14.641388888888889]
['2597', 0.0852, 23.421666666666667, -11.891666666666667]
['2616', 0.1832, 23.554166666666667, 5.6097222222222225]
['2618', 0.0705, 23.563444444444443, 23.009722222222223]
['2622', 0.0621, 23.581611111111112, 27.426666666666666]
['2623', 0.1784, 23.58416666666667, 5.61]
['2625', 0.0609, 23.605305555555557, 20.526666666666667]
['2626', 0.0573, 23.60861111111111, 21.16]
['2630', 0.0675, 23.6255, 15.826944444444445]
['2632', 0.186, 23.629694444444443, -8.776944444444444]
['2634', 0.0312, 23.638444444444445, 27.026944444444446]
['2638', 0.0825, 23.674722222222222, -10.293888888888889]
['2645', 0.246, 23.68963888888889, -8.960833333333333]
['2646', 0.193, 23.689666666666668, -9.994166666666667]
['2657', 0.0414, 23.7475, 9.144444444444444]
['2658', 0.185, 23.749666666666666, -11.694444444444445]
['2665', 0.0556, 23.845944444444445, 6.1113888888888885]
['2666', 0.0265, 23.848944444444445, 27.14472222222222]
['2670', 0.0745, 23.902833333333334, -9.595]
['2675', 0.0726, 23.925944444444443, 11.428333333333333]
['2686', 0.1124, 23.989444444444445, -19.195]
['2694', 0.0958, 0.042722222222222224, 8.428333333333333]
['2700', 0.0978, 0.06438888888888888, 2.0616666666666665]
['2703', 0.1144, 0.08947222222222222, 16.095]
['2717', 0.0498, 0.05425, -34.045]
['2721', 0.114, 0.10244444444444444, -33.278333333333336]
['2730', 0.114, 0.16552777777777777, -34.31166666666667]
['2731', 0.0312, 0.16991666666666666, -55.01166666666667]
['2744', 0.308, 0.23875, -29.61138888888889]
['2762', 0.1124, 0.32402777777777775, -52.46083333333333]
['2764', 0.0641, 0.3408888888888889, -48.7775]
['2798', 0.1126, 0.6261111111111112, -27.458333333333332]
['2806', 0.0271, 0.6696666666666666, -55.84111111111111]
['2824', 0.0486, 0.8095555555555555, -20.655833333333334]
['2860', 0.0268, 1.0685, -38.21805555555556]
['2870', 0.025, 1.1286666666666667, -45.083333333333336]
['2877', 0.0241, 1.1636944444444444, -44.099444444444444]
['2889', 0.0667, 1.2460555555555555, -47.4975]
['2896', 0.0317, 1.3047222222222223, -36.89611111111111]
['2911', 0.0202, 1.4341111111111111, -36.02611111111111]
['2933', 0.0208, 1.6783333333333332, -53.435833333333335]
['2988', 0.0649, 2.2151111111111113, -46.86694444444444]
['2995', 0.0378, 2.252944444444444, -23.165555555555557]
['3004', 0.0635, 2.3143333333333334, -47.99611111111111]
['3009', 0.0631, 2.3688333333333333, -47.42722222222222]
['3040', 0.0923, 2.668722222222222, -54.580555555555556]
['3078', 0.06, 3.0076388888888888, -50.16388888888889]
['3093', 0.0585, 3.181111111111111, -46.60472222222222]
['3106', 0.0645, 3.241972222222222, -57.90138888888889]
['3108', 0.0632, 3.2540555555555555, -46.3675]
['3109', 0.0673, 3.2775555555555558, -42.14944444444444]
['3110', 0.0755, 3.2754166666666666, -49.09972222222222]
['3112', 0.0703, 3.298972222222222, -43.765]
['3120', 0.0696, 3.3648055555555554, -50.67805555555555]
['3123', 0.065, 3.3826111111111112, -51.97694444444444]
['3125', 0.0593, 3.456277777777778, -52.489444444444445]
['3126', 0.0862, 3.4778611111111113, -54.28805555555556]
['3128', 0.0554, 3.5034444444444444, -51.43666666666667]
['3136', 0.1203, 3.5372500000000002, -70.16722222222222]
['3144', 0.0423, 3.6178055555555555, -54.98]
['3157', 0.209, 3.7255277777777778, -28.057222222222222]
['3158', 0.059, 3.716833333333333, -52.3575]
['3164', 0.0611, 3.7638055555555554, -56.95444444444445]
['3193', 0.034, 3.9702777777777776, -51.658611111111114]
['3202', 0.0388, 4.004138888888889, -52.33972222222222]
['3207', 0.212, 4.047722222222222, -26.80388888888889]
['3225', 0.0433, 4.154638888888889, -58.396388888888886]
['3231', 0.057, 4.197777777777778, -63.39361111111111]
['3266', 0.0594, 4.519361111111111, -60.522222222222226]
['3330', 0.0903, 5.245055555555555, -48.93888888888889]
['3334', 0.0953, 5.2995, -57.451388888888886]
['3338', 0.0446, 5.377166666666667, -47.72944444444445]
['3376', 0.0455, 6.012111111111111, -39.95]
['3380', 0.0567, 6.116, -48.50888888888889]
['3381', 0.0282, 6.165388888888889, -32.405833333333334]
['3389', 0.0248, 6.363166666666666, -63.040277777777774]
['3391', 0.0531, 6.437611111111111, -52.318888888888885]
['3395', 0.0498, 6.458638888888889, -53.60055555555556]
['3526', 0.011, 12.814388888888889, -40.69416666666667]
['3528', 0.0553, 12.905055555555556, -28.97888888888889]
['3537', 0.0167, 13.017388888888888, -31.564166666666665]
['3545', 0.0385, 13.189805555555555, -33.91777777777778]
['3554', 0.0153, 13.325138888888889, -32.520833333333336]
['3558', 0.0482, 13.465222222222222, -30.50777777777778]
['3559', 0.0471, 13.498305555555556, -28.475277777777777]
['3560', 0.0109, 13.530694444444444, -32.77638888888889]
['3562', 0.0499, 13.558833333333334, -30.326944444444443]
['3565', 0.0109, 13.611083333333333, -32.02861111111111]
['3570', 0.0372, 13.780777777777777, -36.083888888888886]
['3574', 0.0141, 13.819277777777778, -29.701666666666668]
['3593', 0.1196, 14.319749999999999, -18.52027777777778]
['3627', 0.0143, 16.25911111111111, -59.09166666666667]
['3629', 0.0854, 16.654166666666665, -81.53138888888888]
['3651', 0.0588, 19.869694444444445, -54.91222222222222]
['3653', 0.0475, 19.877166666666668, -51.97944444444445]
['3656', 0.0185, 20.008916666666668, -37.47138888888889]
['3664', 0.0369, 20.23363888888889, -79.34944444444444]
['3665', 0.237, 20.163805555555555, -52.83083333333333]
['3667', 0.053, 20.20836111111111, -55.18333333333333]
['3676', 0.0404, 20.422194444444443, -39.64666666666667]
['3677', 0.033, 20.43927777777778, -32.647777777777776]
['3685', 0.062, 20.536638888888888, -55.569722222222225]
['3687', 0.0759, 20.556638888888887, -62.97083333333333]
['3703', 0.0708, 20.667361111111113, -60.660555555555554]
['3706', 0.02, 20.703972222222223, -37.66277777777778]
['3716', 0.0456, 20.859111111111112, -51.28777777777778]
['3733', 0.0386, 21.033055555555556, -27.947222222222223]
['3736', 0.0487, 21.055055555555555, -42.681666666666665]
['3742', 0.0165, 21.11161111111111, -46.85111111111111]
['3747', 0.0306, 21.144833333333334, -42.50277777777778]
['3749', 0.032, 21.17075, -44.1875]
['3771', 0.0796, 21.491805555555555, -49.185833333333335]
['3782', 0.0557, 21.575444444444443, -61.97277777777778]
['3783', 0.1955, 21.56636111111111, -41.35611111111111]
['3785', 0.0775, 21.574555555555555, -52.37305555555555]
['3796', 0.0756, 21.657944444444446, -50.61]
['3806', 0.0747, 21.777194444444444, -56.71472222222222]
['3816', 0.0352, 21.84063888888889, -54.68388888888889]
['3822', 0.076, 21.901722222222222, -56.153055555555554]
['3825', 0.0744, 21.97288888888889, -59.60583333333334]
['3826', 0.0754, 21.998472222222222, -55.84]
['3827', 0.0993, 22.028833333333335, -58.05777777777778]
['3831', 0.065, 22.0555, -44.175555555555555]
['3849', 0.0678, 22.264833333333332, -50.449444444444445]
['3851', 0.0529, 22.2785, -51.41638888888889]
['3854', 0.1214, 22.29525, -34.28388888888889]
['3869', 0.0396, 22.357388888888888, -54.86888888888889]
['3879', 0.0224, 22.463833333333334, -68.97194444444445]
['3886', 0.075, 22.527805555555556, -53.257222222222225]
['3888', 0.168, 22.573055555555555, -36.27527777777778]
['3911', 0.0381, 22.76897222222222, -51.280277777777776]
['3925', 0.0516, 22.863611111111112, -45.41583333333333]
['3934', 0.224, 22.893, -32.283055555555556]
['3963', 0.089, 23.063916666666668, -43.68638888888889]
['3969', 0.0699, 23.09375, -43.853611111111114]
['3990', 0.0286, 23.31286111111111, -66.22361111111111]
['4038', 0.0283, 23.79497222222222, -27.86138888888889]
['4049', 0.0283, 23.859805555555557, -27.628333333333334]
['4059', 0.0456, 23.94463888888889, -33.32833333333333]