VoidID RA(deg) Dec(deg) Redshift EffAngRadius
9176	17.914518	17.573163	0.498864	0.993780
9038	18.390933	14.063839	0.539416	0.952602
6472	352.905263	-1.498084	0.459997	0.823502
4336	0.456690	4.325097	0.546106	0.785732
7712	337.958403	6.930976	0.512648	1.063111
13587	6.516491	10.376085	0.468917	1.126602
2344	3.013416	6.523690	0.485040	1.057061
5408	7.587393	8.487402	0.562828	0.808294
12561	353.916647	18.181938	0.438937	0.897570
5553	18.952256	2.369406	0.567275	0.949490
2387	2.720653	8.459628	0.577686	1.196587
2714	8.506661	7.339983	0.482474	1.214599
5532	22.039775	2.308840	0.510966	0.861946
4486	21.342271	5.590489	0.449105	1.635857
1193	328.820705	-0.318858	0.494056	0.948972
12880	351.570346	11.754867	0.521874	0.827837
11344	4.477110	16.093292	0.547369	0.967417
7307	38.076929	-5.411237	0.542523	1.004523
13582	1.932070	10.024208	0.485650	1.170606
1887	41.731031	-0.663227	0.578759	1.128991
13859	350.382155	20.922346	0.521497	0.694661
3849	25.802937	2.647336	0.477004	0.828700
6917	36.379450	-3.800414	0.612345	1.070397
5262	16.023045	12.739328	0.497604	0.938552
5209	27.977761	10.548344	0.470582	0.948071
9585	24.988643	20.209217	0.627578	1.256860
418	318.440738	6.781962	0.583385	1.110290
3349	352.165064	2.765753	0.642224	1.642729
13442	9.169343	12.889554	0.492626	0.724842
5812	33.635821	-3.327222	0.543183	1.210201
9196	17.207401	18.658081	0.560296	0.940518
10968	14.786763	13.296069	0.500372	1.071596
3056	38.373672	2.772777	0.505653	0.988961
730	22.797203	-0.882978	0.548305	1.123742
2660	9.419863	6.306225	0.486659	1.198623
9049	15.698926	15.807773	0.668542	1.101310
11024	344.046790	15.869953	0.663710	1.281201
7720	338.843600	6.783072	0.499333	0.816441
2630	333.069206	5.913374	0.630215	1.374728
870	11.893581	0.092162	0.476848	1.224760
10774	346.494970	6.944359	0.534709	1.342591
4951	20.431730	12.298964	0.481610	1.327292
9476	29.105210	17.249379	0.614062	1.193334
3294	359.231505	2.633818	0.478760	1.020596
7972	337.107345	14.223843	0.571823	1.071724
9832	23.845425	24.116436	0.456992	1.536234
10972	1.192631	9.897567	0.494651	0.770803
5174	20.185633	10.996623	0.545557	0.920938
10813	27.673030	26.703348	0.492288	1.020794
8237	331.051318	14.868259	0.489411	0.881061
8317	341.071860	10.657046	0.526231	0.950335
501	322.296582	8.763376	0.489452	0.923813
10857	13.623572	22.789568	0.495436	1.401195
6882	36.015841	-4.781353	0.492073	1.243759
13421	349.856732	13.064485	0.449416	1.118695
1720	345.398553	0.540864	0.528797	0.937794
10867	12.756822	18.431874	0.559698	1.089780
6748	40.231930	-2.145600	0.610525	0.864322
5478	19.232595	2.798000	0.520128	0.970336
1629	26.345872	1.188775	0.540961	1.177740
14331	10.204515	25.908207	0.487451	0.785597
3485	21.475669	1.377024	0.565496	0.782081
3812	358.013078	2.884919	0.573992	1.001555
5302	28.380395	12.440927	0.487079	0.976502
13643	351.450747	15.749593	0.620309	1.485064
1967	8.864372	-0.099474	0.495023	0.842577
6916	34.881805	-4.123714	0.606783	1.404942
5677	30.744933	-8.146115	0.498066	0.558160
9824	20.991403	25.033775	0.507725	1.364853
5795	321.674755	-1.365161	0.558473	0.984477
10114	14.967165	18.185923	0.474937	1.062173
14800	25.051310	28.185797	0.455772	1.486349
11485	4.207406	15.091035	0.465096	0.994268
11025	344.376223	15.477005	0.545665	1.190864
12199	353.029014	10.031816	0.473042	0.894050
11038	344.989062	7.979926	0.491785	1.076081
9584	23.878300	20.363577	0.530546	1.201247
4430	26.556728	4.717009	0.523398	0.954088
7209	11.048556	-1.956777	0.555105	1.104487
5059	23.941472	8.786193	0.582063	1.133907
13450	349.575994	12.781628	0.468383	0.829422
12532	353.406576	17.732573	0.470141	1.260107
1494	31.404670	-0.336293	0.589798	0.919174
11543	348.108754	14.944959	0.463826	1.207752
3075	34.354756	3.605764	0.479525	1.100340
5580	27.483337	3.068097	0.488879	1.171804
2484	346.507524	6.916329	0.577141	1.141719
1890	27.459670	0.736589	0.485090	1.300018
6686	22.741715	-2.748051	0.574535	0.662853
10980	9.445615	9.269664	0.516293	1.063038
4468	6.122508	5.629101	0.463020	1.317129
5266	21.852951	12.538330	0.516782	1.012873
370	323.242008	8.355081	0.532101	1.148556
5378	346.633514	5.225083	0.572673	0.737081
12213	354.144438	11.078828	0.460576	0.886084
2815	30.783897	5.561992	0.557852	1.210739
786	23.646726	1.150560	0.575459	1.117465
2953	357.218841	4.896771	0.490687	0.844180
5376	344.230147	5.303783	0.571148	1.071508
8862	331.894420	18.500965	0.610198	1.094531
2918	28.317745	7.838823	0.469076	1.214557
2866	30.452629	6.588716	0.548417	0.614309
13668	347.145360	16.061666	0.463721	0.781465
8021	340.267690	16.190078	0.532472	0.965656
2278	30.512278	6.335687	0.608049	0.859722
7237	7.463519	-1.791249	0.624364	0.889244
13813	10.025860	18.147221	0.504037	1.094134
4053	9.577707	5.257994	0.459793	1.076942
674	337.864286	-0.796925	0.612478	1.107916
7243	14.176452	-1.041762	0.467210	1.105579
298	326.513279	4.371216	0.535877	1.326311
1354	24.703715	-0.942173	0.542793	0.929220
11922	358.000176	8.578754	0.508759	1.030829
2172	18.261373	12.875154	0.515394	1.052777
12161	348.750358	20.033489	0.518100	1.194693
2541	17.613368	7.055248	0.446737	1.002879
9163	18.778995	18.059331	0.573925	0.589107
11222	348.814588	14.350441	0.544064	1.037344
3314	14.732737	2.808251	0.492466	1.038713
4348	7.567120	4.921219	0.471593	1.053962
1529	359.365122	0.250074	0.528337	0.903525
6483	356.739718	-2.001927	0.448615	0.942440
5077	13.891760	9.690061	0.556564	0.630184
6307	323.227414	-1.659314	0.525917	1.238587
2838	25.721885	6.432777	0.513585	1.007692
1691	347.977153	-0.746364	0.577236	0.686572
4032	42.717050	3.562072	0.552276	0.489571
11127	23.459442	26.652961	0.479763	1.567163
5086	22.229585	9.047860	0.599128	0.965673
1610	29.989646	0.788303	0.576376	0.734122
7954	340.463388	14.175967	0.573490	0.602544
3688	339.256468	2.241687	0.517223	0.805289
7005	39.022074	-3.782157	0.609799	0.591470
13726	8.470568	17.273982	0.612646	1.156751
284	326.353982	3.403446	0.528380	0.530671
9119	17.031045	18.259179	0.462872	1.005504
9040	16.374904	14.411371	0.554956	1.091277
4740	334.126613	3.535057	0.545290	1.179997
7772	340.182825	7.293283	0.563848	1.219779
4292	16.638114	4.318516	0.517341	1.184845
5914	37.522362	-8.492957	0.609140	0.622708
1911	36.174867	0.850969	0.587094	1.181947
13804	4.321258	18.607752	0.513242	1.010838
3361	359.087652	3.779631	0.578356	1.101888
11533	1.948164	15.430102	0.469813	0.957856
11218	346.169715	13.765857	0.519031	0.857613
5608	7.244882	0.978129	0.604460	0.766210
13667	347.074933	15.395986	0.458463	0.797992
3954	33.850719	3.042999	0.537229	0.824743
14488	350.905508	19.127087	0.517843	1.122065
4324	354.449652	4.698270	0.628733	1.034097
2102	19.628462	13.765192	0.537067	0.816253
10961	5.064487	10.731859	0.492791	0.943352
3221	347.420149	2.484339	0.550445	1.007458
6081	356.174279	-2.444499	0.656682	0.580847
8293	330.094688	9.116574	0.536037	1.031550
9583	23.884373	20.277111	0.493326	0.954496
8985	24.962092	14.942977	0.581224	0.856697
11621	19.568182	26.120938	0.452751	1.229069
14147	8.871395	21.527388	0.486564	1.042784
9962	15.550527	19.791161	0.533763	0.823816
15311	26.259846	31.165139	0.474332	0.756979
8560	338.538081	9.201666	0.582312	1.393104
7444	340.598784	-1.929771	0.453249	1.025546
3786	335.448892	2.642771	0.517855	0.939182
8976	25.670411	14.980308	0.563527	0.843486
6715	36.554366	-2.995887	0.491971	0.623167
10357	326.720908	23.258169	0.564198	0.091325
12456	345.650495	16.175649	0.463945	1.079758
5432	37.369032	2.876055	0.505289	0.914343
7440	336.280564	-2.277439	0.490261	0.761840
10368	332.214868	25.099438	0.499397	1.067525
12818	8.335224	11.552168	0.517932	0.950921
7274	38.076276	-6.611056	0.643202	1.167367
1022	351.673569	0.818549	0.498896	1.061109
1448	347.118570	-0.095952	0.587594	0.563054
10876	9.647915	10.078657	0.525643	0.777036
15290	27.138442	29.811299	0.538886	0.702318
4764	335.871683	5.432183	0.455170	1.378893
4897	17.769519	11.039202	0.617391	1.022915
6828	17.469679	-1.416404	0.512949	1.131048
8912	335.038326	18.962865	0.489459	1.133569
13407	7.175560	12.299782	0.490483	0.684959
3936	20.377954	3.163043	0.497904	1.147856
4857	17.572363	10.414748	0.520145	1.124618
14807	28.458647	27.551695	0.553008	0.941820
2055	20.757070	14.165291	0.475219	1.190681
3392	16.460024	2.966574	0.568457	1.249833
5270	28.134542	11.516007	0.458159	1.006237
9918	23.036166	24.583436	0.545025	0.955229
11332	8.783002	15.146976	0.472706	1.272636
13395	0.680910	12.750093	0.528088	1.170098
4431	27.268743	4.277888	0.499561	1.140391
1067	323.132756	-0.357018	0.525131	0.899113
5472	17.853852	3.423757	0.578721	0.934955
9974	15.889347	15.405883	0.531630	0.859848
15269	20.345411	29.902418	0.638689	1.210391
3006	10.448256	4.685705	0.459309	1.044557
6782	33.845038	-1.992066	0.439519	0.926075
245	323.738016	3.397224	0.496038	1.348738
13658	2.636149	16.280379	0.495176	1.169154
9978	16.267303	14.749175	0.465299	1.456731
4144	42.049837	3.250474	0.603799	1.070156
535	327.482221	9.917046	0.550961	0.766408
1859	319.358636	1.273310	0.450059	1.044810
3945	25.414968	3.365892	0.517075	1.116130
7466	329.603886	-1.687711	0.491838	0.912918
12096	351.397388	15.078251	0.551294	1.122082
6286	29.487398	-2.692106	0.476420	0.652257
3155	354.261345	1.919220	0.503134	0.969081
9328	21.333359	16.286729	0.458741	0.872724
2678	18.255026	5.822163	0.549547	0.944604
300	327.251301	4.205805	0.518422	1.040825
10996	339.582654	20.364572	0.534081	1.020434
2997	8.605427	3.370594	0.472200	1.301219
8450	340.581932	8.855031	0.450145	1.650266
10764	345.883867	8.601341	0.508900	0.883459
3792	339.156067	2.669697	0.441878	1.013367
6382	12.495458	-2.505038	0.533882	0.742444
8205	329.901178	14.364202	0.592150	0.622679
9001	20.989113	14.625862	0.576556	0.886571
7788	336.307310	7.297157	0.513369	1.176962
11244	349.442685	14.695256	0.654110	1.770017
13217	351.364664	9.558270	0.637964	1.267599
9790	22.834231	23.556758	0.525171	1.124491
4527	6.465139	6.309187	0.461050	0.701162
7607	325.246677	-2.332997	0.596594	0.798281
5601	7.548251	1.540663	0.617186	0.799944
9826	21.619063	24.586358	0.533736	0.979002
3950	31.534533	3.341828	0.457714	1.239787
13670	348.914431	15.892235	0.453516	1.001464
9598	20.690495	21.116389	0.530403	0.930249
9168	18.609266	20.387341	0.624079	1.443398
15068	349.542137	22.437278	0.452151	0.660250
837	353.582721	-0.267862	0.516850	0.979395
2256	32.611761	6.113726	0.497987	1.049738
4823	28.633541	8.453530	0.570801	0.548474
11271	353.575437	15.444352	0.551737	0.975549
4603	358.512327	4.353922	0.615633	0.936954
7735	330.652810	7.179366	0.567585	1.075471
8584	336.288540	10.303350	0.561364	0.918855
13950	10.795987	22.509822	0.557395	1.391626
9782	19.877852	23.656893	0.623509	1.277300
3916	3.785322	3.687029	0.577816	1.169635
391	320.964607	6.072245	0.476481	0.803395
2267	26.364751	6.951280	0.527508	0.637406
12196	352.175610	13.494490	0.523066	0.883344
6268	8.949468	-2.390525	0.474835	0.699355
11061	19.406730	26.204060	0.538502	1.012253
301	327.793401	4.327146	0.611357	1.059481
11027	344.856576	13.735736	0.527500	0.854135
3563	33.374010	1.190772	0.470624	0.788958
15843	325.988454	1.961239	0.533437	0.887554
15858	320.030501	2.210595	0.476644	1.016859
3345	351.741988	3.050896	0.510509	0.989803
11174	10.825706	14.351762	0.627127	0.941624
4470	7.889425	4.980077	0.595783	1.293469
1072	320.291065	0.268430	0.524096	0.916820
5831	31.650204	-1.763973	0.654632	1.024947
10168	23.688108	25.951470	0.458100	1.314983
12543	6.178944	18.255859	0.538760	1.101079
11979	349.145058	17.252655	0.495852	1.091605
12942	10.322839	12.735743	0.504978	1.038686
2191	16.475472	12.916224	0.592797	1.042993
1499	35.208623	-0.252986	0.591434	1.050774
5607	44.005985	0.814151	0.534986	0.717522
14389	24.243897	27.327262	0.545012	1.464140
14216	30.613247	29.228412	0.483701	0.571460
1206	339.528283	-0.313814	0.506968	0.912796
1100	354.326940	0.358698	0.483360	0.733023
15592	24.496123	28.599064	0.482564	0.673278
3871	39.578370	2.212208	0.457438	1.154537
9375	22.495042	17.630073	0.554779	0.940307
677	327.376307	-0.730472	0.600215	1.107896
4351	14.185251	4.694610	0.689758	0.151518
1317	9.686749	0.803112	0.555117	0.981607
5010	17.456369	8.509867	0.553790	0.783355
11626	20.196381	30.564999	0.480932	1.059768
6417	40.715799	-1.853009	0.536789	0.775056
12566	357.534397	18.218290	0.468518	1.255408
8802	330.538057	16.367198	0.554048	1.223170
13985	356.834572	18.510240	0.501501	0.866530
4501	36.604032	4.288615	0.624610	0.753001
12601	2.611772	18.463050	0.570081	0.897971
7216	15.261871	-1.975046	0.634683	0.810446
627	321.640569	9.614758	0.455119	0.310009
5090	25.919002	9.085521	0.488321	1.109223
13327	10.393842	10.971990	0.486906	0.992535
2738	20.274233	6.544352	0.533633	1.246229
13995	6.017893	18.320931	0.518021	1.011082
11738	8.022161	23.743307	0.459280	0.685393
10071	14.439325	16.781718	0.579079	1.028422
5343	351.351027	4.318843	0.621438	1.124311
3338	342.294145	3.273919	0.532136	0.946856
2353	3.348564	6.494368	0.550307	1.363817
1858	319.461267	1.272513	0.458103	0.780248
5626	33.093678	-9.113439	0.496050	0.347148
11681	338.253471	21.874926	0.516684	1.051084
2470	337.678894	6.042446	0.509804	0.629278
30	328.556462	3.824566	0.667521	1.229267
7462	354.067218	-2.282507	0.536219	0.760299
12921	354.932897	12.575484	0.488311	1.090917
1767	35.031574	0.383183	0.534651	1.124068
2317	29.771439	7.481608	0.566592	0.777335
8964	28.354529	15.608693	0.536686	0.823034
2030	37.031350	1.491765	0.612472	1.076641
6439	327.116483	-1.511913	0.569082	1.104753
13988	359.749551	18.697740	0.501984	1.066883
7776	335.544375	7.104980	0.595132	1.083101
10805	22.182715	27.112526	0.454512	1.092819
1687	342.173220	-0.273190	0.497361	0.934270
2689	10.711652	6.256470	0.503764	1.135935
11405	353.080570	14.909579	0.556925	0.616719
7259	31.097532	-7.637812	0.523513	0.590791
14899	28.332652	28.108851	0.448440	1.277631
14564	27.023628	28.419956	0.475669	0.960877
928	38.667152	-1.152708	0.532284	0.873409
5093	26.256828	8.901033	0.459271	0.942957
9849	18.094030	23.339362	0.480839	1.279190
13557	13.051049	17.274425	0.558217	0.798047
6488	1.740536	-1.996490	0.493224	1.025461
6585	6.737731	-1.738515	0.536895	1.012960
9610	21.091894	21.623120	0.476517	1.326698
7950	336.832340	13.739628	0.466953	1.161990
5113	26.460393	9.620676	0.464310	1.212690
13761	355.983268	18.081811	0.628700	0.920928
9495	30.220042	16.744234	0.477429	0.813839
5579	25.939178	3.315993	0.611484	1.134448
3773	41.711356	1.853899	0.559969	0.795273
4119	21.549859	5.163848	0.593576	1.272054
10897	13.604562	12.458513	0.508477	1.067076
5522	30.852877	1.757392	0.585873	0.938544
1357	25.839977	-1.273941	0.479465	0.887488
10081	25.900883	24.892298	0.505229	1.108816
5653	34.389147	-8.690648	0.444637	0.921416
5078	15.323003	9.028003	0.494934	0.983982
5161	26.077488	10.098997	0.459730	1.016563
15330	21.782008	31.232997	0.524748	0.806864
3254	332.572736	2.354354	0.544857	0.956615
14349	11.333252	26.653816	0.541493	0.785179
8561	341.085401	8.503342	0.517591	1.174490
4627	340.582762	4.466437	0.598754	1.189563
839	354.334546	-0.002590	0.499750	1.017551
4360	22.059672	4.307646	0.530197	1.080746
6543	336.099921	-1.267197	0.612562	1.038397
9195	17.056660	17.895445	0.587330	1.022694
9392	20.743256	18.158347	0.539618	1.111420
12102	353.822687	10.715104	0.496972	1.137530
9220	28.748845	21.805529	0.567414	1.113493
14463	359.800833	19.641558	0.523169	0.904872
4451	358.137053	5.398803	0.464340	0.702949
9894	15.431920	12.158332	0.556894	0.912105
2377	1.787716	8.066411	0.631601	1.407258
14700	9.407196	27.976068	0.516624	0.445440
15823	325.798884	1.303922	0.486327	0.566057
10153	20.625593	25.048586	0.469992	1.079917
14892	18.980422	30.584501	0.476942	0.489579
2331	347.204711	5.835275	0.567599	0.846805
3737	15.503629	2.579941	0.530688	0.993997
9208	21.389109	23.107726	0.498478	0.864054
9530	21.948099	19.502005	0.575173	0.712922
15138	340.426682	24.716647	0.552675	0.877433
7513	355.266027	-2.378937	0.575129	0.788232
13574	356.806544	9.949512	0.523618	0.719902
12864	11.494419	12.216942	0.561320	0.948438
443	327.144315	7.815196	0.519645	1.021598
5817	33.350264	-4.172700	0.483853	1.090614
3852	28.196031	3.227239	0.577175	1.080346
7298	34.132969	-6.048774	0.673995	1.288434
1025	352.717599	1.054575	0.505181	0.954597
9206	20.524505	23.102513	0.540381	0.783275
3516	355.971956	1.735545	0.525039	1.169075
13266	357.202378	10.446023	0.513110	1.168524
8470	343.880194	9.786733	0.574460	1.025039
10427	333.546213	26.422835	0.573186	1.098409
3038	40.758666	1.709470	0.558237	1.044918
4654	359.692863	4.960097	0.529013	1.029796
3336	340.966794	2.925672	0.539493	0.766884
7970	334.376915	14.197364	0.468430	0.856676
11361	351.114422	13.613606	0.520144	1.128670
11203	352.312043	13.888526	0.469848	0.863216
3907	355.084850	2.916922	0.489930	1.040045
9975	15.879076	15.169601	0.573476	0.850354
11309	6.191189	14.746269	0.513434	0.993433
2265	24.640918	7.206501	0.533402	0.899758
4230	4.928250	6.450443	0.464229	1.014484
11064	20.471470	26.700509	0.476947	0.970156
7090	1.508521	-2.853630	0.499734	0.571556
6584	5.295946	-1.367370	0.538054	0.898962
5253	25.512888	11.325834	0.490324	1.043938
11408	358.365422	14.977603	0.608404	1.110821
15618	12.977116	30.326047	0.551146	0.399620
4580	336.948868	3.702419	0.461851	1.298153
5218	19.578977	12.231308	0.524683	0.695706
12859	8.485261	11.795505	0.491314	0.835959
12511	1.683243	17.383939	0.461768	1.309087
7516	356.444493	-2.092941	0.553458	0.941307
3964	41.571360	3.133307	0.555540	0.743102
9008	19.021977	14.192486	0.550545	0.490401
934	43.161784	-0.570392	0.603698	1.060648
855	5.581747	0.086443	0.522167	1.211603
6550	346.571341	-1.464925	0.526445	1.078645
5584	28.767091	2.772836	0.617884	1.029062
7296	32.797269	-6.156802	0.535393	1.055387
8472	345.151046	10.310335	0.444194	1.027193
3572	333.058993	1.722372	0.482016	0.727579
5759	40.880758	-1.256586	0.562112	0.632518
4952	20.127728	12.457533	0.490368	0.787972
5487	21.285883	3.710097	0.457038	1.240326
12074	354.493610	10.269183	0.663943	1.528760
1301	318.670808	0.858808	0.455536	0.663295
13910	351.345420	21.321556	0.574430	0.959039
1324	10.631850	1.381992	0.478706	1.069513
13636	346.961143	15.236070	0.485895	0.986642
3511	348.539776	1.587660	0.521711	1.045224
2836	25.091472	6.179461	0.581538	1.235108
1536	2.580042	-0.089780	0.598161	0.855743
5056	22.781728	8.948246	0.624221	0.901381
3692	340.362552	2.411926	0.442116	0.663978
9889	14.661347	10.084930	0.517770	0.670645
12860	9.165287	11.925120	0.454840	1.276801
6355	357.333580	-1.904020	0.490306	0.682527
9407	18.567371	15.433175	0.459803	1.395880
6499	7.365938	-2.128795	0.558067	0.665045
13937	10.799198	22.124190	0.599816	0.969963
1065	321.608552	-0.102930	0.529292	0.874656
2719	11.273257	7.238628	0.477636	1.129394
1845	34.798276	0.551384	0.483590	1.428427
9329	23.025158	16.552361	0.529319	0.999478
10912	353.621322	6.908717	0.591642	1.353113
4863	25.101280	9.651045	0.607812	0.939013
13637	347.291080	15.915118	0.581105	1.200655
8557	335.001393	8.673004	0.575094	0.897452
2360	359.824449	7.326205	0.486984	1.284861
1880	353.238185	-1.000148	0.509833	0.755646
6696	25.446594	-2.409384	0.519548	0.546252
12967	4.420830	12.756591	0.577630	0.984050
9170	18.945311	21.115906	0.522950	1.153209
13717	4.324218	17.260006	0.485003	1.028395
12820	9.435468	11.661641	0.550178	1.179663
9555	30.075949	18.640356	0.517523	0.768778
11323	12.503258	15.152262	0.526369	1.044839
1552	17.265260	0.390049	0.589135	1.282477
2952	357.534739	4.685933	0.461331	1.115373
9518	26.127145	17.887527	0.518278	1.165993
14087	9.303046	20.097991	0.453660	1.377100
3813	358.708808	2.659152	0.567873	0.899986
14622	343.163676	21.707898	0.534482	0.717708
8509	343.473602	11.516023	0.513724	1.138226
14124	355.304517	20.418206	0.578605	0.797383
740	29.345137	-1.070331	0.538863	1.147376
1152	332.937633	0.431348	0.594223	1.278586
15287	25.968942	30.003556	0.485502	0.703171
12912	349.986692	11.895833	0.461530	0.752446
8792	332.870023	16.305106	0.602688	1.277976
7152	16.844581	-2.559503	0.498937	0.656176
13002	5.589200	14.106396	0.499783	0.817658
2468	336.167840	5.632949	0.523943	0.838694
2529	7.846793	7.545604	0.597834	1.297241
1993	30.956448	1.050398	0.454503	1.195304
4328	355.171634	4.636088	0.487840	0.702131
10741	345.847754	13.014275	0.521831	0.653789
183	326.263135	2.392620	0.476947	1.204459
1528	359.248705	0.306146	0.561473	0.951519
7316	35.878956	-6.081834	0.491860	1.063144
13992	3.459257	18.654451	0.580454	0.991999
8721	333.052785	16.058439	0.580806	0.775914
13652	356.837290	16.033990	0.529779	1.019044
9352	29.274155	16.005449	0.533112	1.235214
4266	353.827378	4.215382	0.550791	1.036411
12925	356.896613	12.596401	0.533201	1.199497
1988	17.947930	0.333320	0.508991	0.829226
13010	9.563579	13.534891	0.557807	0.969372
14397	355.349185	18.713211	0.491451	0.935345
3320	332.769227	2.766718	0.536976	0.847271
2383	6.250226	8.089747	0.559104	1.038297
12133	355.403321	9.737577	0.536887	0.997330
2945	356.936513	4.591077	0.575264	1.095524
6596	12.367824	-1.469748	0.546011	0.885023
13599	2.751510	11.725153	0.497718	0.949446
8242	335.748597	15.706886	0.557051	0.770406
7201	8.877109	-1.816176	0.452202	0.791662
1364	32.640603	-1.276540	0.598682	1.094318
3983	19.261944	4.333697	0.518077	1.049215
3962	40.374202	3.107504	0.516414	1.096393
8715	336.098290	16.530415	0.457365	1.191056
6784	35.510123	-2.420032	0.470906	1.856687
2876	23.200405	7.078960	0.586026	0.821306
7522	330.066701	-1.358712	0.534605	0.889652
9612	22.069969	22.018509	0.650112	1.105120
11396	356.876727	14.559685	0.493103	0.871492
11872	340.555310	23.651674	0.521707	1.263940
4611	3.061074	4.598737	0.504935	0.920734
4970	20.597550	12.743697	0.475773	0.537283
5440	37.866937	4.115429	0.571207	0.665027
13209	347.047161	9.589326	0.489063	1.269708
10468	330.629459	27.000574	0.472321	1.008275
1901	9.416524	0.078012	0.489830	0.941673
13506	351.008242	9.977312	0.609038	0.791330
10740	345.126402	12.745315	0.533762	0.848009
1700	353.548263	-0.179843	0.464588	1.026848
8401	332.169779	10.654034	0.555525	0.779762
7827	332.707692	12.577935	0.465286	0.990369
13979	9.332618	23.647550	0.507552	1.029443
13008	8.952446	13.646459	0.474363	0.892520
3333	339.765477	3.443497	0.450437	1.189524
11290	1.434048	15.843567	0.563833	1.355553
4808	18.864383	8.709995	0.559776	0.881791
3468	7.455920	1.435486	0.538604	0.858317
4269	354.413347	4.135564	0.614156	0.859490
3182	12.761136	2.087581	0.488545	0.706670
8292	331.947855	8.151717	0.591740	0.938021
2011	356.148264	0.656322	0.564951	1.021433
3195	332.275667	1.847950	0.474225	1.051438
4593	348.820400	4.191136	0.578599	0.840264
8623	330.439287	13.503852	0.478073	0.587745
14257	26.312294	31.621205	0.521769	0.641325
7204	9.349312	-1.425019	0.591209	1.046734
3725	5.101603	2.667885	0.597014	1.064257
4290	12.992651	4.256198	0.548782	1.023321
3752	33.238739	2.104578	0.478544	0.994154
11460	5.631502	14.000106	0.459430	1.058122
3277	345.437889	2.663590	0.586598	0.886737
13282	350.123606	10.473091	0.537673	0.825771
1436	39.521430	-0.591615	0.563777	0.919526
268	324.732204	3.348360	0.646163	1.085740
9618	21.109689	22.429700	0.624160	0.852080
9249	24.962170	23.605954	0.540003	1.045536
14362	15.432907	26.862885	0.560772	0.707935
2912	22.488899	8.317054	0.525230	0.912251
5149	18.958943	11.199504	0.567228	1.076518
5952	36.011764	-9.205191	0.577375	0.240280
10337	332.364512	26.836156	0.520913	1.346225
8005	342.639657	14.579247	0.528742	1.067764
1166	341.056189	0.703480	0.531210	0.761524
12479	5.847264	16.992375	0.551112	1.109075
1018	349.152519	0.841199	0.558251	0.921853
2245	27.239478	6.756485	0.517686	0.873106
8097	332.463311	11.512952	0.535186	0.986901
7252	33.684029	-7.560797	0.549926	1.064603
10700	3.568969	9.397680	0.570949	0.752332
2006	31.366936	-0.070332	0.643948	1.152030
8067	339.092951	16.679164	0.572264	0.923772
9419	19.894149	16.215768	0.527221	1.054791
9233	26.780809	22.964559	0.570632	1.129112
6777	30.401842	-1.896687	0.443884	1.175603
1226	322.796268	-0.051565	0.565068	1.139299
5348	342.105896	4.581102	0.542270	0.565850
8288	332.807598	8.138368	0.484391	0.744542
5405	5.687160	9.166664	0.616266	0.958414
8522	344.198911	11.831411	0.501981	1.108823
8312	335.874854	10.128943	0.533157	0.944280
7480	338.183352	-1.748154	0.549492	1.061241
2670	14.425375	6.408118	0.595973	0.880831
14401	358.372868	19.028453	0.513136	0.949679
4475	16.786850	5.685024	0.502994	1.212160
2178	17.201330	12.437369	0.457158	1.284717
9792	24.735837	22.921600	0.523112	1.179786
14462	359.754143	19.777708	0.534897	0.852625
1750	345.471309	0.684998	0.517672	1.196720
14392	345.028811	14.632607	0.593605	1.166137
10030	329.008286	21.364335	0.569171	1.109564
9403	29.660972	17.177963	0.497245	0.794925
13607	8.232549	10.834343	0.470230	0.871600
2625	330.525214	5.369613	0.644987	0.777866
4122	23.878101	4.347645	0.470285	1.169172
6844	36.275036	-1.507219	0.611422	1.268287
3497	340.145202	1.257680	0.508196	1.050968
8548	336.188452	8.345969	0.584349	0.808354
9267	27.849017	23.995382	0.593183	0.935784
3156	355.033423	2.031761	0.505968	0.467829
8185	332.008191	13.825011	0.488219	1.014132
2793	16.981962	8.235687	0.481604	0.877010
3621	8.582622	1.922898	0.471279	0.844950
13341	356.818283	11.375106	0.467052	1.436235
9332	25.541683	15.903869	0.598907	0.857629
9124	17.160946	16.737780	0.665903	1.326321
12971	6.121262	13.534032	0.520695	0.830011
1718	343.819645	-0.166761	0.578285	1.189403
5217	19.156759	11.844498	0.533334	0.856611
13439	6.619876	13.828298	0.488141	0.943666
2437	4.504093	8.675797	0.563591	0.927387
13595	0.693927	10.664263	0.637647	0.930590
3883	334.994160	3.515669	0.511922	0.802373
14863	31.336230	27.618951	0.499565	0.814472
1011	4.083079	0.652104	0.563142	1.195013
2339	1.072987	6.638278	0.552176	1.048832
8437	344.730850	8.937697	0.611616	1.259096
13024	17.624057	32.846782	0.460650	0.809908
7787	338.518557	6.534591	0.548331	1.137755
8098	333.241727	11.371801	0.563098	1.224928
12974	6.831354	13.522293	0.553600	1.092129
2115	22.910247	13.476463	0.534008	1.240308
4445	43.351691	3.652797	0.512985	1.052834
977	356.652951	-1.015500	0.502363	1.168952
12649	17.705468	26.510993	0.531276	0.892570
3073	34.151223	3.360517	0.515902	0.935626
11152	10.208279	14.015995	0.550663	0.909818
5154	20.025816	10.413865	0.529865	0.772690
2606	333.010484	4.746879	0.469051	1.141120
14538	353.845898	20.948481	0.487981	1.007509
15540	20.213821	29.053973	0.464876	1.143239
13214	350.657057	9.543036	0.475888	0.858552
842	357.112555	-0.323780	0.538451	0.769601
13860	351.040074	21.046629	0.673956	0.754388
13805	5.045791	18.105208	0.515027	0.706757
13801	3.157932	18.653943	0.498544	1.170236
3303	4.840747	2.493600	0.517133	1.213063
8836	330.076463	16.794071	0.518269	1.045083
12896	7.339749	12.267869	0.502520	0.717315
2229	26.959672	5.948031	0.521376	0.755710
13453	355.525489	13.460411	0.472581	0.984976
8535	338.195429	7.843487	0.489520	0.862608
4078	29.872021	4.490176	0.467253	1.175470
11627	19.643028	30.792034	0.615976	0.854188
9572	29.341700	19.821725	0.475045	1.250936
10674	334.962078	27.370208	0.581029	0.660916
7568	353.626183	-1.465229	0.501937	0.837265
3288	353.614390	2.869366	0.489897	1.024301
6401	28.782173	-2.170136	0.444693	0.857106
14474	6.905618	19.589871	0.574907	1.096010
5180	23.756777	10.587880	0.567198	1.104900
3646	23.455807	1.737693	0.625746	1.266338
1204	338.909894	0.442670	0.494347	1.128533
10457	331.070712	26.649529	0.468067	0.367109
2100	18.938310	13.894527	0.443794	0.937981
13358	350.503474	12.117157	0.540769	0.835015
10724	346.352851	17.312528	0.572146	1.120044
11033	344.527332	14.057224	0.631216	1.357070
14044	1.700529	19.974982	0.529639	1.030247
7266	38.751458	-6.709459	0.483637	1.067440
5593	32.830624	3.493933	0.573914	1.074440
5390	345.717172	5.632638	0.569489	0.674408
9045	19.186729	15.398542	0.494510	1.144916
9235	28.223536	22.865411	0.439948	0.657179
10872	12.565195	21.362043	0.515108	1.119081
13715	4.000572	17.288527	0.488268	0.503741
2239	23.584692	6.623884	0.475755	1.094779
5016	21.316286	8.369287	0.547784	0.895446
1330	6.433137	-1.465650	0.516993	1.076991
15808	345.963514	14.375172	0.451854	1.288701
3029	38.293729	1.746885	0.564232	1.071658
9949	15.559305	23.107445	0.537327	0.898204
4301	20.508251	4.222833	0.543017	0.655580
8017	337.655411	13.708161	0.514624	1.069301
8827	334.904963	17.905247	0.495110	1.520032
1936	322.465908	-0.417419	0.473557	0.913543
2600	18.811112	8.157648	0.483420	1.186270
12500	355.545124	17.167611	0.501786	0.621107
998	354.376389	0.427418	0.627513	1.170495
13798	1.445723	18.301287	0.557689	1.149273
2475	339.130601	6.085707	0.551519	0.860026
2709	22.175213	6.468782	0.559893	0.991975
3825	6.936062	3.055696	0.602743	0.906851
4889	17.260792	10.581501	0.598752	0.977103
13272	3.632888	11.000551	0.488815	0.772110
1497	34.691540	-0.094277	0.646920	1.414048
3956	36.427405	2.898088	0.477023	0.726929
1760	30.999184	0.469550	0.593419	0.782769
5544	31.098995	1.868632	0.465908	0.843385
9030	24.391565	14.878794	0.442577	1.089072
13739	356.742375	17.424285	0.484180	1.099842
9940	20.588738	24.321725	0.503604	0.565349
4274	357.390574	4.143133	0.550376	0.930196
9443	29.073730	15.720373	0.501052	1.003364
7004	39.312572	-3.298068	0.601196	0.557374
9508	16.042154	18.669629	0.528981	0.913877
2092	29.355276	13.645706	0.477489	0.856575
12497	354.372464	16.871452	0.478094	0.829375
9868	15.999541	14.011814	0.672142	1.077553
2143	17.891480	13.477821	0.555369	0.785435
4282	4.105910	4.103575	0.481394	1.107932
2223	24.019723	6.526809	0.475005	0.657141
9394	21.613975	18.036327	0.649698	1.200360
7998	342.338532	13.842599	0.456845	1.397230
9217	27.840394	22.073353	0.451430	1.628196
9293	27.915901	22.884474	0.521798	1.372064
11133	29.735135	27.234515	0.465232	1.191447
1827	349.648954	0.965646	0.588110	0.798202
13502	348.021076	9.717326	0.513871	0.790434
13006	8.166235	13.822040	0.596996	0.866414
7208	10.586810	-1.767790	0.464335	0.953898
132	328.640168	5.726498	0.460300	1.370630
7077	35.333666	-5.806522	0.500854	0.801147
11462	7.200760	14.049178	0.456510	1.284999
10131	14.679368	22.504440	0.518963	1.352552
6867	31.619527	-5.357434	0.647510	0.758038
9461	25.614890	16.388817	0.592082	0.860565
9382	27.917869	16.949176	0.503002	0.959962
4464	4.708203	5.722575	0.467752	0.949864
11984	352.428760	10.896690	0.533583	0.899844
5053	22.015524	8.698441	0.557118	0.857508
13709	357.299373	17.064970	0.563914	0.774983
5588	30.602531	2.956896	0.625893	1.285267
2506	17.073993	6.453572	0.544564	1.004117
4275	0.312518	4.151764	0.539437	0.801149
205	325.768142	2.888093	0.494447	1.027694
12641	10.732470	27.121214	0.509881	0.638499
4662	335.823528	4.644255	0.626566	1.052150
1347	19.558197	-1.143950	0.577468	1.230167
2932	356.221179	3.803872	0.454855	1.201246
5528	19.030464	1.968559	0.450522	1.070817
3734	12.994176	2.506906	0.476847	0.594588
8421	342.582951	8.740083	0.557792	1.218880
14146	6.965709	20.850048	0.587799	0.610889
13526	351.486970	10.441363	0.652469	1.091879
9701	30.086515	19.425343	0.510632	0.736911
11625	20.040924	29.461416	0.483911	0.762191
9769	21.877000	22.668837	0.588432	1.230756
7029	33.470344	-7.459381	0.585803	1.437757
181	324.956484	2.448673	0.452836	1.114902
2187	17.075562	12.746219	0.499558	0.754505
3354	355.802388	3.303600	0.533535	1.193643
7515	355.735198	-1.956688	0.567805	0.954998
8323	331.917033	9.523656	0.479046	0.980568
1613	30.566268	0.660578	0.597759	0.513584
10986	10.695344	10.431027	0.576908	1.229681
11043	345.468135	9.477500	0.551098	0.896645
8564	334.199282	8.789694	0.566757	0.890060
3133	335.799904	2.039261	0.495356	1.225168
14575	27.348203	28.873199	0.551963	0.798625
679	327.720427	-0.173840	0.504975	0.853926
1260	319.161186	0.340903	0.631181	1.279950
507	324.319907	8.909627	0.562597	1.199773
5268	26.953931	12.045765	0.453620	1.149468
3590	348.224842	2.223117	0.578522	0.932976
2154	330.675693	6.109566	0.557826	0.779747
107	329.942265	5.545683	0.490610	0.905643
13524	351.564603	10.533892	0.613719	0.855745
3348	351.515779	3.100883	0.517292	0.830251
4193	33.244737	4.757857	0.588702	1.029685
2236	22.942000	6.830410	0.528832	0.618860
8558	335.400652	8.795010	0.543951	0.830150
8144	342.292206	7.539669	0.549703	0.874348
1209	341.473915	-0.793665	0.549229	1.134160
12492	347.948492	17.034680	0.482892	1.140576
8461	335.603013	8.924842	0.533254	0.890144
3739	16.932824	2.641793	0.529351	0.980909
4352	15.385529	4.086683	0.462410	1.294944
5923	44.083236	-2.176924	0.454689	0.488330
9361	21.429362	17.252616	0.509099	1.063941
8781	337.340267	18.818953	0.593798	0.919124
8215	335.361823	15.275339	0.619060	1.091997
4936	27.953302	11.270034	0.577589	0.999382
3048	41.142835	2.394810	0.604903	0.974433
2608	334.171714	5.065447	0.510293	1.120183
3872	41.433647	2.226752	0.451664	1.377107
4805	17.988268	9.381464	0.579731	1.112410
2715	9.697031	6.800549	0.566984	1.035509
10179	29.363232	25.481937	0.546438	0.788080
14309	12.786513	25.135749	0.518986	0.836435
11109	13.296235	19.434304	0.570805	1.220955
2762	11.704254	8.129091	0.557346	0.851847
12911	349.516388	12.278519	0.542676	0.843307
5790	320.281333	-2.308020	0.445284	0.707064
8890	338.635568	20.185724	0.626178	1.440861
6979	37.230608	-4.111342	0.634685	1.350174
10937	346.562989	6.626594	0.658895	1.341695
15817	4.157652	15.281793	0.485785	1.005801
3985	20.953268	3.624910	0.547193	0.785355
4178	27.026006	5.484823	0.514691	0.731605
8499	335.572507	10.839312	0.538947	0.805039
1819	342.126168	1.104280	0.589717	1.066410
1818	341.534958	1.566469	0.585305	1.185867
7719	339.835514	6.075635	0.647328	1.045825
2469	337.058717	5.931892	0.577071	0.921663
7795	342.333656	6.838499	0.640316	1.051813
6544	340.204833	-1.421055	0.503160	1.041061
8654	342.319958	16.217703	0.639894	0.796871
9442	28.823178	15.839344	0.621715	0.976795
1501	37.840185	-0.253649	0.493186	1.272281
11240	347.716834	14.602692	0.519213	0.825387
14459	357.146480	19.855028	0.505312	0.785173
10456	331.708469	26.315619	0.464327	0.628784
2109	28.927152	13.031365	0.547947	0.916972
12675	21.994882	26.668387	0.599139	1.010698
2857	24.790275	7.204025	0.546540	1.052619
9061	19.308275	15.593721	0.548098	0.862557
10742	345.788883	12.419547	0.494598	1.238528
13684	1.223116	16.781177	0.513300	1.321054
15867	328.136194	2.406378	0.508442	0.948931
8429	335.899181	8.467821	0.561776	0.698474
8987	23.554995	14.497606	0.572894	0.719596
12197	352.842408	11.481679	0.455351	0.955169
11582	342.748996	20.668564	0.486440	1.021702
6011	325.529991	-2.675369	0.554231	0.771748
4073	28.051326	4.276162	0.446740	1.189554
2798	33.063554	4.176881	0.534895	0.902802
4932	24.441924	12.038074	0.585369	1.098292
1591	12.910426	0.123070	0.504264	0.953462
2398	359.250566	6.596423	0.559188	0.791361
14883	13.524288	30.132814	0.545939	0.581274
1904	6.839739	0.164366	0.452894	1.726969
9104	18.053473	19.856192	0.596833	0.698602
11457	3.900302	13.761687	0.512152	0.747925
2425	359.493263	8.374194	0.485750	1.031254
12430	347.775868	15.637663	0.485745	0.932456
5480	22.785454	3.191750	0.496073	0.936340
2863	28.090960	7.084887	0.520688	0.836037
3310	12.825099	2.667780	0.613669	1.078564
11373	348.147585	13.952496	0.564343	0.913153
7526	334.927211	-1.185818	0.447852	1.118890
3968	2.917349	3.367362	0.480352	1.104078
8226	343.924595	16.838662	0.626535	1.103540
1426	29.702895	-0.676855	0.606252	1.182335
15813	350.595878	14.951163	0.459553	1.126245
5199	24.670363	11.161053	0.469920	0.884882
2062	26.183550	13.141592	0.487694	1.017323
1601	22.633873	0.897231	0.580808	0.982120
8629	336.077018	14.292524	0.618413	1.143181
845	358.779991	-0.375639	0.642616	0.906392
7831	333.816283	12.947335	0.609217	1.267653
904	39.846462	-0.935274	0.571197	0.820017
3819	2.200122	2.967299	0.506974	1.238329
8394	335.116611	10.784991	0.453961	1.744526
11540	347.731053	15.706560	0.518451	1.036534
12610	7.905839	18.497627	0.498081	0.879515
11295	6.439966	13.736959	0.541065	1.114182
2648	335.011034	6.036903	0.531015	0.813126
2129	22.135557	14.152786	0.497622	0.921509
11895	347.371950	7.767385	0.560093	1.212536
14460	358.370884	19.897555	0.524746	0.805445
9437	24.546588	16.227297	0.495876	1.337347
13287	351.811741	10.663913	0.465521	1.008921
9449	20.649538	17.387716	0.469913	1.280781
6951	39.208870	-3.045178	0.533909	0.724811
3082	38.832911	2.888573	0.470424	0.941686
2455	339.929242	5.744192	0.622428	1.293916
6327	334.001404	-1.835148	0.501051	0.938695
3658	32.317303	1.839673	0.579004	1.134125
4946	16.489464	12.699675	0.515423	0.666964
6810	27.341085	-1.933778	0.484294	0.757189
1939	319.735082	0.193352	0.460674	0.781495
8626	332.529037	14.152628	0.599328	0.913343
13406	5.989350	13.152923	0.572931	0.592619
7750	334.886890	7.021211	0.616106	1.089491
1195	329.369749	-0.416451	0.549336	1.138334
11523	352.402640	14.735160	0.547190	0.960375
7505	351.410495	-2.454694	0.462701	0.714221
8617	336.211471	14.387739	0.665282	1.504038
12435	355.733159	16.119949	0.461338	1.203249
4809	18.808660	9.452777	0.555194	1.058479
15322	32.668014	29.300687	0.444019	0.674768
9070	19.557288	15.338222	0.601558	1.093956
2981	354.761806	5.735271	0.507357	1.303070
6959	34.538115	-5.244537	0.642198	1.153274
795	328.814745	-0.711995	0.523503	0.746807
9880	14.840451	10.917248	0.508407	0.676033
14500	5.223121	20.211216	0.612616	1.070190
7302	35.362556	-6.115615	0.512406	0.960551
13430	2.524342	13.094313	0.616239	1.247692
13989	1.098928	18.394594	0.494517	0.946715
1399	10.155818	-0.897405	0.566155	0.923994
14808	29.227995	27.540548	0.553025	0.509418
11263	0.603525	15.065036	0.446384	1.164314
2500	8.898284	6.065535	0.626078	0.911514
11508	4.909458	15.105908	0.523695	0.910674
6363	3.415312	-2.233001	0.539421	0.749886
37	328.351091	5.397712	0.595342	1.127297
5411	7.807092	8.932993	0.520827	0.936093
15405	9.927198	28.806559	0.525869	0.523335
3391	16.726745	2.621889	0.451134	1.360304
3344	350.196652	2.711787	0.581509	0.928905
9121	17.441278	19.773923	0.574016	0.826510
2004	352.983894	-0.186787	0.460751	0.959101
2227	26.817115	6.460451	0.538778	0.675961
1180	322.078977	-0.990664	0.524419	0.657263
8407	333.992326	7.490617	0.480496	1.169813
6351	354.777329	-2.279023	0.531354	0.717176
1692	348.286263	-0.470115	0.597230	0.795998
966	21.437824	1.473359	0.470074	1.519753
505	323.776705	9.078554	0.576308	0.805868
14417	7.717130	18.846826	0.477615	0.897735
996	353.217364	0.784391	0.514904	0.801728
7419	329.771237	-2.381156	0.502066	0.730581
14054	8.803852	18.389378	0.441102	0.786327
4966	18.866207	12.995306	0.485839	1.005119
1795	333.423386	0.770326	0.568357	1.062206
9963	16.351110	20.827059	0.447056	0.933644
4875	16.119414	10.442543	0.469500	1.024333
2835	24.632789	7.127166	0.499777	1.133963
1283	336.666915	0.461673	0.516964	0.611488
12043	355.072792	7.124210	0.480324	0.976247
14566	30.201733	27.507605	0.551446	1.132552
14414	5.855061	19.243610	0.517646	0.858193
10974	2.958787	10.107075	0.504343	0.943304
303	327.160778	4.211763	0.661268	0.997111
2458	345.191635	6.358695	0.462989	1.077853
8366	334.958154	11.691329	0.525743	0.682685
9627	19.591658	17.997047	0.535025	0.876972
13774	6.065296	17.754420	0.584743	0.930733
3113	5.504139	1.655540	0.637687	1.067629
2721	11.682713	7.653792	0.537486	0.996508
13713	2.111365	17.093526	0.471834	0.744061
734	26.187240	-0.386387	0.653664	1.472139
4238	15.067135	6.181314	0.592338	1.282073
2371	4.660252	7.133067	0.561304	1.101436
12798	358.550442	11.375722	0.468264	1.131591
15351	20.989858	31.994603	0.576205	0.299198
5751	18.892047	-2.178969	0.568727	0.898274
11422	358.782656	15.360488	0.477372	1.072684
4528	7.652491	6.225375	0.541977	1.274577
7539	349.040436	-1.867846	0.568715	0.970940
13422	354.740351	12.691736	0.451250	1.287952
8077	333.151516	10.312162	0.485929	0.987595
1740	30.040218	-0.178080	0.594228	0.744063
5125	16.744933	10.193178	0.465419	0.825676
12290	8.298346	24.364060	0.448617	0.788964
10881	14.176009	16.729779	0.489601	1.191884
4943	14.606725	12.421420	0.516704	0.760089
12894	6.005716	12.098077	0.516176	0.868459
3057	41.094219	2.708097	0.555088	0.767690
143	323.895425	5.354212	0.586694	1.470181
13692	348.051583	16.882430	0.460816	0.882079
11360	351.193676	14.026628	0.515204	0.840396
1929	0.522570	1.091432	0.552836	0.958148
3975	8.990502	3.850969	0.501793	1.017110
4155	4.150276	5.327668	0.485176	0.701683
10703	3.738934	9.667538	0.477179	1.060181
3142	347.463176	1.834123	0.574220	0.728027
8108	337.858253	17.078068	0.573434	0.720273
4176	26.118556	5.421114	0.575152	1.181417
4566	349.851806	3.785885	0.489921	1.005044
4492	29.270366	4.906084	0.526637	1.226737
2300	34.014434	6.560187	0.551250	0.672262
11525	356.107610	15.215629	0.443026	1.182449
4687	331.605899	4.897292	0.466963	1.054079
12963	3.834841	13.302651	0.499677	0.956061
12118	351.006521	19.539836	0.487680	0.727548
12204	353.020447	11.639302	0.485100	0.877389
182	324.623883	2.011931	0.642101	1.187760
6573	0.767084	-1.284734	0.476608	1.283683
13213	349.894673	8.901976	0.461940	1.096779
14481	346.458684	19.417790	0.574677	0.835974
5037	10.186500	9.168889	0.567506	0.705056
7569	354.856650	-1.592136	0.519262	0.789645
978	357.640622	-0.590414	0.501605	1.029039
5397	350.366837	5.707349	0.609869	0.963257
1759	359.583396	0.309003	0.473292	1.345523
6522	29.316698	-1.811826	0.484901	0.898990
7731	330.782411	6.922866	0.567382	0.870844
6732	27.486485	-2.358363	0.531160	0.728984
9134	19.144028	16.501976	0.457809	0.760577
14953	349.749517	20.732123	0.617893	0.796038
9120	17.973308	19.082671	0.458502	1.044125
7988	336.105297	13.839836	0.504483	1.065605
13424	357.590845	12.708564	0.622815	0.975001
1791	326.911508	0.950329	0.490812	1.026755
2284	23.568920	7.953519	0.589134	0.892650
10322	335.718718	27.491142	0.483493	0.372099
1246	336.242280	-0.372450	0.509518	1.146624
9390	16.434779	18.400854	0.570746	0.817750
14337	11.719929	26.136675	0.576137	0.792129
10715	344.690660	18.394919	0.564914	1.117821
9797	30.065329	23.918108	0.529102	1.168858
2633	336.119171	5.489820	0.586036	1.338174
4807	18.550594	9.110163	0.511990	0.835441
2169	17.421693	11.741079	0.552932	0.757523
8555	342.920059	8.445019	0.465075	1.170243
13323	6.859727	11.180493	0.573094	0.819208
12454	10.142821	16.231581	0.520423	1.125523
3216	345.637648	2.377397	0.533865	1.111125
5018	25.810822	8.155168	0.505646	0.797156
508	325.540483	9.233142	0.506569	0.950164
1709	24.135941	-0.732328	0.521157	0.818555
9404	29.419897	17.028116	0.490834	0.567592
12843	354.311037	11.763002	0.538601	1.050300
206	326.498841	3.354651	0.491301	0.846938
6193	32.384100	-2.911801	0.622748	1.163802
8992	19.740078	14.615976	0.567696	0.837370
12583	353.325754	18.358513	0.504219	1.308432
6636	2.332984	-1.170226	0.666492	1.078721
5178	22.269357	10.758526	0.572491	1.107634
4874	15.756063	11.041794	0.470707	1.084708
8906	328.893578	18.539083	0.533691	0.609667
1973	35.350662	-0.498168	0.440987	1.160326
8633	341.182853	15.011155	0.456529	1.218489
7632	319.328031	-2.397830	0.527911	0.726640
2192	16.997823	13.456209	0.559889	0.719830
10536	327.129455	28.482038	0.529453	0.555662
2985	13.241631	5.905349	0.535274	1.171804
2193	23.157901	5.865562	0.560075	1.039750
646	323.154105	-1.741702	0.602254	1.037774
2973	355.701073	4.451666	0.519930	0.650927
6900	38.845082	-4.295542	0.501599	0.869413
14254	32.549962	29.674929	0.467571	1.084569
9156	18.214880	15.691730	0.540626	0.834700
1005	359.497086	0.318309	0.514408	0.989277
137	320.664287	5.585357	0.557844	1.150998
15915	322.122423	2.106164	0.517587	1.085264
8087	337.700129	16.138009	0.577701	0.883284
10126	14.034123	21.158781	0.594398	1.204330
2658	7.603826	6.020968	0.453833	1.017444
15180	14.717603	31.533154	0.476627	0.277662
2083	29.263027	13.858625	0.527418	1.024628
9427	25.977352	15.413027	0.498655	1.020354
6207	326.936854	-2.471942	0.561492	0.487997
3736	15.266261	2.748964	0.600837	1.233525
5236	28.263881	11.114669	0.489695	0.800681
9864	15.504226	14.354238	0.488791	1.020447
5604	346.551466	0.950689	0.457627	1.329261
6494	4.902986	-2.299088	0.584865	0.722243
7147	11.556425	-2.327723	0.481612	0.893212
13242	357.893387	10.247904	0.533108	1.150897
3669	42.677153	1.932088	0.531817	0.927831
2942	356.817309	3.882863	0.500513	0.740304
1733	27.443630	-0.399686	0.565734	0.710483
4814	22.062909	9.376663	0.537182	0.879855
3914	359.979167	3.291349	0.534337	1.167930
5334	344.769577	4.387230	0.559086	0.855277
3668	42.608005	0.625128	0.660463	1.655722
8306	330.602158	8.752973	0.507827	1.050455
10898	14.021618	11.784587	0.503540	0.551375
2304	23.635610	7.992277	0.538008	0.825090
8757	331.782817	17.732844	0.500871	1.203640
8997	20.234072	13.980785	0.547118	0.878401
6907	32.896740	-4.164533	0.442465	1.048525
12203	353.735107	11.552221	0.475707	1.035526
5102	18.312795	9.983453	0.521937	0.572233
9088	18.268828	16.992756	0.554865	0.913492
7832	334.568389	12.796329	0.505497	1.116935
9211	24.320493	22.413738	0.552172	1.260771
13368	0.495707	11.924741	0.477890	0.862714
10667	335.732681	26.767588	0.446385	0.680370
15824	326.778913	1.537191	0.493745	0.523326
15419	24.873064	27.357784	0.639433	1.496848
9315	21.100513	16.218091	0.600534	1.175446
63	321.882893	5.761732	0.585292	0.841113
77	320.871426	4.297337	0.513875	0.906149
4396	357.769171	4.966034	0.636538	1.048733
2428	0.991891	7.485078	0.512494	0.803837
8529	344.058665	12.892562	0.500877	0.762708
12066	350.991499	16.660766	0.452764	1.129842
15880	326.864047	1.187495	0.606588	1.061068
920	339.009810	-1.263917	0.551823	0.886699
8730	329.870230	16.009623	0.605209	0.750220
4895	15.951657	11.094943	0.517936	0.832690
2164	18.074718	12.790681	0.594311	1.051104
1124	340.971740	-0.373945	0.626903	1.161075
6985	35.543313	-4.140191	0.614485	0.520447
4991	16.262451	13.657119	0.497409	0.706375
3807	351.747417	3.011011	0.493163	0.904540
5743	19.387782	-2.423893	0.532071	0.776695
11733	12.758137	25.490610	0.476587	1.194990
10140	14.949525	20.891319	0.452317	1.139968
720	0.591837	-0.874101	0.442781	0.881226
11488	6.391552	14.913078	0.471655	1.100843
5434	38.212147	3.656442	0.565544	0.962105
9178	17.995517	18.028309	0.568739	0.685777
5654	36.516142	-8.702003	0.526293	0.631131
13293	0.985643	10.704343	0.679716	0.955795
3040	43.812863	2.070483	0.535198	0.890708
8853	338.631713	18.953628	0.516460	0.937403
6605	25.894870	-1.183936	0.490923	0.849302
13615	356.239189	11.536740	0.488438	1.029068
11613	20.771234	31.635445	0.578330	0.705635
3197	334.035195	2.110255	0.472758	0.846720
2727	13.179991	7.074590	0.547912	0.908103
7397	345.785991	-2.193516	0.454141	0.879467
11421	358.698408	15.675642	0.485765	1.010677
6335	341.472000	-2.265910	0.559467	1.005902
7018	32.332323	-3.407539	0.676402	0.939621
13444	9.592328	12.966150	0.603994	0.873551
8566	338.680701	9.438145	0.617796	1.000196
449	328.963317	7.898070	0.535691	1.307795
9276	30.303398	23.709402	0.574174	0.831511
6319	329.814971	-2.343875	0.495235	0.440256
9435	23.670452	15.889404	0.542075	1.031116
4744	337.135437	4.098888	0.532235	1.205854
5778	323.129389	-1.646676	0.553838	1.004988
6322	331.789871	-2.066720	0.530826	0.852296
9620	22.413465	22.398332	0.493166	0.961750
9890	13.838424	10.700748	0.488054	1.054353
10896	14.084474	12.457526	0.494098	0.665743
5763	17.440831	-1.405817	0.494210	1.057161
7121	16.715506	-2.541138	0.529028	0.448938
5298	27.121119	13.415294	0.452395	1.234833
7305	37.803841	-6.418687	0.595918	1.313938
10928	348.272191	6.258911	0.568857	0.886508
8313	336.317111	10.078122	0.527837	0.537510
3298	1.065386	2.551318	0.447428	1.220538
13679	357.012407	16.167466	0.499665	0.844215
2713	7.050869	6.959480	0.529366	1.379956
4121	23.917571	5.192897	0.542560	1.077969
7190	18.903392	-2.167742	0.658372	0.606452
9150	19.352999	19.150108	0.571567	1.008607
1259	318.793740	-0.370040	0.460102	0.887137
11443	0.016060	13.624552	0.502421	0.978789
11920	357.337539	8.769718	0.673531	1.077802
5261	15.656324	12.404369	0.525512	0.986018
2517	10.752424	6.647984	0.570187	0.744637
8780	337.183301	18.407947	0.497035	1.252471
9023	19.045286	13.603713	0.536005	0.506606
796	328.532898	-1.218555	0.487819	0.722812
3857	31.301201	2.515228	0.460976	0.876546
6186	28.599446	-2.763393	0.454248	0.478408
13900	9.991612	22.068270	0.505883	1.015689
8168	338.927806	8.465208	0.484289	1.307284
7064	32.352893	-6.820189	0.653369	1.351765
848	1.262662	0.078500	0.669414	1.350559
11486	5.284760	15.503442	0.461617	0.876858
7991	343.772420	13.776844	0.496222	1.193721
2832	23.679497	6.946706	0.445998	1.023352
13790	352.274687	18.135057	0.478682	0.898762
7738	331.358912	7.406429	0.550350	0.798364
2490	338.118182	6.486765	0.603214	1.255306
1598	20.986244	0.737087	0.467368	0.506736
459	327.841188	8.693039	0.527158	0.977013
10160	23.338187	25.758139	0.629253	1.155818
104	327.304175	5.387660	0.495424	1.253565
10428	334.329644	26.120096	0.518874	0.843992
9653	28.550545	18.609136	0.479964	1.351646
10105	14.077073	11.820271	0.548145	1.021315
4734	335.316176	3.595695	0.497410	0.652297
638	327.608234	1.258242	0.579599	0.891622
8745	335.171291	17.699896	0.557994	1.156288
3304	5.426252	2.956573	0.611257	1.066048
6316	328.541067	-1.996483	0.497799	0.777689
8266	344.650031	17.370253	0.573554	1.024944
12120	351.550045	18.089881	0.672462	1.336823
13357	349.666782	11.953507	0.569866	0.677006
722	355.402018	1.267299	0.505989	0.666581
10973	2.072314	9.952460	0.502098	0.616517
9024	20.279417	14.338083	0.448074	1.086993
3450	345.551691	1.130607	0.599325	1.135773
14520	357.988310	20.216637	0.621959	1.116225
7130	2.576672	-2.698957	0.535533	0.513795
868	10.560419	0.379217	0.525431	0.891803
7851	342.314788	14.510580	0.495804	1.167971
11530	0.359250	15.377836	0.589404	1.007829
733	25.702123	-0.870819	0.470991	0.923928
8214	334.540312	15.247046	0.570115	0.966904
5045	16.428563	9.374598	0.574513	1.045531
12357	10.983409	24.864098	0.530096	0.998829
142	323.151736	5.964956	0.625202	0.811523
12916	350.681183	12.338096	0.462662	0.649494
5560	23.707940	2.689581	0.614047	0.540572
6344	347.749088	-1.961920	0.553754	1.191996
9574	29.367909	19.347672	0.507874	0.858866
2467	335.684304	5.843128	0.521720	0.642701
6614	38.683009	-1.219414	0.557440	0.775000
4669	348.754284	4.817932	0.506833	0.964385
1542	9.906787	0.079551	0.514686	0.935875
9811	329.587577	21.219429	0.514253	0.979067
8834	339.611143	17.713900	0.512836	0.710018
13845	10.000405	21.061564	0.486821	1.034255
9215	27.593240	22.292662	0.471423	1.243002
10801	17.696449	25.828098	0.447240	0.784566
5497	21.153473	1.271676	0.527563	0.962167
5168	29.088534	9.939801	0.490326	0.529588
13633	9.919512	10.568961	0.496623	0.915218
13800	2.700345	18.654255	0.559971	0.527788
3510	348.213578	1.663348	0.528224	0.676476
259	328.564921	4.199656	0.496132	0.854031
4146	42.437418	3.968800	0.595188	0.555671
15743	9.530209	29.635443	0.521053	0.339535
8379	334.202872	9.904408	0.596482	1.309083
6750	40.787183	-2.005821	0.595034	0.738197
10915	358.740214	6.687752	0.453250	1.210069
1779	6.619093	1.020625	0.497830	0.990933
13664	345.289085	15.871372	0.452825	0.798583
5972	43.377509	-1.776860	0.630550	1.171058
9157	17.748533	16.189493	0.487316	0.905600
8551	340.017697	8.969619	0.456858	0.964969
2396	349.327395	6.519186	0.605464	1.182940
5830	31.351334	-4.375116	0.610143	0.533359
8194	335.356054	14.455707	0.571838	0.976149
7199	8.351139	-1.529672	0.486772	1.145563
8958	331.698602	12.698090	0.468555	1.140543
8643	332.157141	14.395798	0.468611	0.697326
14940	29.561689	28.603585	0.492642	0.684426
3393	17.160650	2.811959	0.647877	1.430074
13826	9.439895	19.156638	0.523549	0.968737
13020	16.334034	33.252429	0.526809	0.267949
1850	41.016738	0.692838	0.598498	0.889845
9942	14.621887	23.334049	0.562403	1.194896
1926	356.012127	1.006604	0.453381	1.186278
10260	334.007483	25.065344	0.449386	1.282880
2498	8.033749	6.164434	0.478399	1.060664
11505	4.006383	15.742997	0.516045	0.858551
2279	31.739135	6.929843	0.502663	0.623468
6720	40.995339	-2.433273	0.616313	0.773616
2679	17.999801	6.415160	0.543115	0.546111
3931	17.265820	3.603737	0.536481	1.033778
8115	339.666407	19.109105	0.503595	0.773771
2542	18.675869	7.130144	0.448051	1.179388
14070	357.892803	19.944126	0.539471	0.787512
4162	12.691365	5.661980	0.499321	0.891127
15864	324.819573	2.361146	0.469810	1.076846
1739	30.433898	-0.014787	0.550577	0.959309
13427	1.024440	13.683748	0.534416	1.116941
8143	342.791459	7.876642	0.574239	0.813278
5878	32.008590	-8.611895	0.497992	0.857153
2674	16.764116	6.373954	0.557926	0.875504
10883	13.079886	18.158971	0.669866	1.319044
2433	5.411497	8.226924	0.481460	1.081781
849	2.984950	-0.197412	0.498708	1.420981
13721	5.059278	17.175231	0.538366	0.817555
8301	330.252270	7.565924	0.528019	1.069850
7698	33.022264	-8.873523	0.487824	0.789254
14036	355.356329	19.338900	0.520064	0.986996
1105	352.729760	1.256638	0.479268	0.962143
2583	6.942471	8.621735	0.461124	1.440960
5569	32.980415	2.688050	0.452828	1.364039
6633	359.984132	-1.435552	0.567891	1.023311
7877	331.811950	11.437119	0.560615	0.814329
14304	10.383333	25.059423	0.620856	1.015368
14405	1.245690	19.329891	0.496750	0.791677
13738	353.810701	18.551366	0.479007	0.729899
6924	38.019344	-3.447835	0.609252	0.970992
3568	39.041910	1.257244	0.505183	0.950416
9505	29.652635	17.402436	0.485218	0.578739
7703	353.656798	-1.494766	0.507916	0.628786
14097	352.552678	19.914519	0.447471	1.461891
5057	24.038638	9.187712	0.621734	1.080466
7782	342.357142	6.873685	0.568598	1.304059
9434	22.225690	16.922956	0.488619	1.152528
12888	1.232227	12.569997	0.672029	1.206211
15879	320.875988	2.891496	0.590385	0.793089
2328	344.902290	6.392270	0.579245	1.414201
1437	39.958003	-0.715154	0.587524	0.822623
8375	344.335144	12.800131	0.510200	0.718467
8612	342.021611	19.397682	0.552359	1.229728
9460	25.618610	16.884090	0.440710	0.833607
14577	27.487236	28.164768	0.499406	0.739361
15004	350.322677	21.722675	0.613559	0.564946
14458	357.075339	20.012127	0.522202	0.927724
13953	349.436523	22.350829	0.454963	0.288023
3566	35.854625	1.316358	0.551442	0.873103
7150	13.306645	-2.290255	0.559191	0.899310
9577	30.985571	18.783679	0.510605	0.465404
15920	327.196794	2.351814	0.509445	1.103332
5766	31.861640	-1.194330	0.609986	0.918384
6321	330.897160	-2.073247	0.561126	0.930866
14403	0.204392	18.747225	0.632894	1.184040
9349	27.044873	16.948698	0.492314	0.913715
8568	335.322169	9.710250	0.562788	0.817284
3210	342.663792	2.111295	0.467602	0.917431
9954	15.427576	17.901303	0.580552	0.907487
10533	330.025924	29.106734	0.508125	0.421983
1009	2.888661	0.701879	0.583198	0.920801
9589	25.632043	20.019409	0.588412	1.013787
11917	356.887561	8.544905	0.496935	0.891183
5996	2.592786	-2.564065	0.523875	0.713830
13746	2.982346	17.549242	0.475932	0.687870
11345	5.317726	15.991014	0.536693	0.776573
12866	12.184878	12.263464	0.586179	1.081970
11068	14.846916	23.710685	0.523468	1.043994
12898	7.685180	12.449643	0.560737	0.627148
5188	15.920020	11.682165	0.506887	0.592820
14739	21.951822	28.300006	0.452218	1.015026
11239	347.499021	13.980350	0.530762	0.919480
11949	358.778231	8.192507	0.642469	0.883258
1061	324.484199	-0.690721	0.467376	1.327932
4339	1.503599	4.671083	0.467887	0.921429
14594	30.325770	28.612377	0.490688	0.742960
2962	357.605516	5.720846	0.502839	0.862062
11731	12.153608	25.835650	0.554828	0.776547
12865	12.339883	11.702349	0.562002	0.940945
7192	0.151079	-2.344982	0.568698	0.823560
8327	337.005611	10.465835	0.549843	0.975121
7993	330.278000	12.644093	0.483220	0.788658
4992	16.295591	13.348318	0.547041	0.839678
14551	7.820696	21.363984	0.450406	1.101299
4650	358.724234	5.025647	0.509325	1.036429
8657	344.319024	16.239854	0.578990	0.775019
5475	18.770674	3.427514	0.530211	0.930481
5474	18.747736	3.060770	0.575649	0.556417
9677	29.056764	18.929940	0.562161	0.947618
5407	6.803785	9.381397	0.576373	0.915073
6044	341.074592	-2.822924	0.567043	0.483579
9895	13.913416	9.752416	0.495299	0.739760
12515	4.932772	17.850014	0.539891	0.753575
6215	332.640900	-2.321968	0.488598	0.728931
5008	14.289374	8.400524	0.529384	1.147184
9083	19.295749	19.729404	0.590090	1.060072
8998	19.179590	14.627318	0.539482	0.344670
8726	342.624919	17.479757	0.480229	1.116839
6489	3.067179	-1.958794	0.503685	1.160649
9314	16.757475	16.353121	0.466266	0.834868
12125	350.812467	17.161527	0.579686	1.160273
13415	11.057265	12.595666	0.540719	0.815028
1668	19.446405	-0.005536	0.550848	1.131261
6749	39.961461	-2.481728	0.523536	0.690839
13456	359.455344	13.185335	0.493816	0.908978
8547	336.357681	8.237110	0.568603	0.690524
11909	351.695097	8.050401	0.487294	1.052318
8783	337.904211	18.898649	0.541515	1.028710
8149	334.757986	7.565695	0.538980	1.052675
4849	26.959181	8.700978	0.463248	0.760288
10874	8.707635	10.449062	0.524518	0.755676
5421	6.047948	9.346635	0.581631	0.925592
7179	12.804809	-1.972862	0.609147	1.052867
8049	338.028574	15.110520	0.557727	0.975933
7495	347.608378	-2.149311	0.497401	0.726377
12089	349.377647	20.163969	0.524027	0.562750
13199	349.237666	9.251276	0.594578	0.996708
4613	330.174404	4.056399	0.487362	1.044928
226	324.753296	6.314011	0.515420	1.179327
11830	337.132028	20.997589	0.516787	0.969800
3383	12.709479	3.313461	0.481087	1.179756
9465	28.654021	16.315690	0.479591	1.136114
1897	354.383030	-0.568559	0.452238	1.345231
12980	8.231687	12.953404	0.597658	0.749243
3981	17.580471	4.351073	0.548034	0.860529
4388	43.620741	3.700051	0.547739	0.831525
10878	8.868563	9.477804	0.525495	0.679014
9433	20.290361	16.602822	0.519643	1.135546
4001	5.542602	4.337972	0.628714	1.312301
3409	352.105487	3.882098	0.522299	1.093918
14025	10.040171	19.351960	0.494291	0.763184
12501	355.403215	17.630206	0.483648	0.727658
10343	328.594367	27.412958	0.505267	1.264936
7797	333.273827	6.823790	0.561168	1.136814
2964	357.405733	5.041479	0.615527	0.753036
11441	358.769507	13.706912	0.671530	1.067834
12216	351.507394	16.315028	0.497823	1.090752
13398	1.215915	12.701948	0.482374	1.057726
6349	352.180180	-2.408468	0.559395	0.711294
1265	323.799004	0.530071	0.612501	1.326773
7438	335.612445	-2.405447	0.492624	0.562853
11739	8.079674	23.836478	0.509329	0.662270
8239	332.028879	15.255622	0.491644	1.054921
96	321.665594	4.659119	0.501549	1.184975
14164	10.219052	22.427129	0.516428	0.945022
11455	2.797674	14.180266	0.508987	0.989091
7923	340.456543	13.574055	0.472031	1.046764
10994	339.716791	20.110620	0.581847	1.006205
8758	333.130699	17.417920	0.624113	1.423909
11463	6.777087	14.246046	0.577927	0.959164
6973	37.332912	-4.992666	0.609758	0.838674
4784	17.227443	8.874036	0.489739	0.797483
1322	8.387522	0.850171	0.532880	0.805809
242	319.613202	3.935526	0.455319	1.176396
11603	21.182718	31.034300	0.624077	0.552027
6680	38.533313	-3.287190	0.573273	0.795295
6760	20.313441	-2.004187	0.594834	0.745874
9155	19.594345	22.952035	0.551734	0.840869
