VoidID RA(deg) Dec(deg) Redshift EffAngRadius
740	332.303297	2.403071	0.504499	3.684015
4004	359.828162	12.921355	0.513898	2.788029
2513	15.370079	20.315121	0.491437	4.186606
2263	343.308864	19.067817	0.517751	3.397656
3310	353.863852	6.725103	0.520448	4.150181
2436	27.830232	20.807764	0.539800	2.749698
278	340.390661	0.311575	0.474638	2.867668
468	39.226678	-0.744236	0.473426	2.836861
2261	334.886980	15.971077	0.492948	3.059203
3987	358.541019	9.879299	0.538126	2.661984
2494	19.153152	25.008194	0.501080	2.512896
82	323.523290	5.708340	0.476924	3.434428
1706	32.344825	-5.534945	0.566931	2.714251
5066	21.235742	28.019805	0.535733	2.121893
769	343.849134	2.883175	0.496136	3.439926
101	323.435729	7.912833	0.554730	2.823584
2192	339.319996	9.991004	0.490056	3.353878
187	327.849700	9.308818	0.488451	2.812084
2532	332.236658	22.018196	0.463864	2.583258
548	344.562506	6.005325	0.488298	2.934090
2491	29.060493	24.629899	0.624799	2.092851
1589	350.442191	-1.406682	0.521382	2.707978
775	10.516293	2.952143	0.582061	2.712217
3082	359.795686	14.974532	0.556780	3.405876
407	16.508175	1.331600	0.473222	2.517886
3613	8.311803	16.421992	0.518425	2.718451
2178	337.309972	16.589204	0.463811	2.546619
1846	37.244359	-6.224778	0.531336	2.683353
5330	321.243432	1.027228	0.659595	2.650937
1125	17.578837	2.919331	0.470343	2.919594
2967	352.461137	7.101703	0.552916	2.491740
929	4.984225	5.759840	0.558567	2.696751
318	344.035817	1.578132	0.555987	2.818770
2370	26.049784	21.532988	0.533042	2.708994
785	29.838625	2.420802	0.494088	2.919280
2475	25.821974	20.838055	0.562857	2.466382
237	335.350700	0.247685	0.576346	2.232262
2957	344.089820	17.026132	0.550424	2.872950
4289	348.196923	18.486446	0.563573	2.470313
4003	357.039441	12.537576	0.512826	2.537223
551	1.474177	6.540840	0.476197	3.539627
2385	23.664102	16.052857	0.509130	2.479938
833	16.477511	5.354603	0.583764	2.420412
912	30.132973	4.221348	0.527414	2.386170
3128	21.221683	29.383151	0.506805	2.244621
966	343.631562	4.434094	0.489953	2.820722
301	319.357764	1.231516	0.572014	2.603527
42	319.860912	4.813496	0.482048	2.571744
980	343.908869	2.700490	0.542035	2.281332
296	1.947716	1.104758	0.478683	2.905335
524	25.217731	7.479103	0.482736	2.533481
2206	344.787765	10.737944	0.526059	2.837830
2109	335.185569	13.296376	0.641465	3.960562
2280	340.301217	19.327942	0.483759	2.331768
4467	24.889131	27.224479	0.521039	2.356829
3070	358.227721	14.883871	0.551246	2.314995
2533	331.583667	20.852168	0.497223	3.098841
900	12.405564	5.210760	0.520431	2.965768
1090	349.621019	3.821056	0.547077	2.205983
1952	331.064856	-1.276958	0.622662	3.189474
680	41.790718	1.704342	0.574753	1.864913
4052	10.658066	20.780721	0.523078	2.612775
3051	351.768545	15.439401	0.523473	3.405831
345	19.992324	-1.293153	0.635979	2.413243
2474	25.091034	21.512004	0.645268	3.246713
2927	333.361306	25.833437	0.540540	2.041593
615	20.902669	7.329354	0.480462	3.114634
253	38.722374	-0.974066	0.634062	2.343018
404	15.654094	-0.597483	0.609196	3.127327
2476	26.222321	20.113746	0.459894	2.691153
627	28.301764	5.940818	0.572396	2.103144
674	42.564926	1.890977	0.508591	1.591433
1131	23.291285	1.118183	0.470937	3.339307
4035	355.696852	17.455845	0.575509	2.463551
49	319.898651	6.335262	0.554379	1.868045
272	3.221152	0.179033	0.531683	2.260775
1841	32.966380	-7.005476	0.476110	2.090444
2620	331.919920	23.271185	0.590153	2.364068
973	339.004376	4.842438	0.548625	2.719061
4001	348.931074	11.863582	0.506507	2.277322
1027	16.476322	9.291386	0.547084	3.155580
2478	28.658352	20.697827	0.497910	2.675812
3980	359.401220	9.283105	0.598151	2.244908
2236	332.960175	14.527829	0.558199	2.481471
664	7.882634	2.141212	0.565479	2.679863
110	319.327733	5.980754	0.656162	2.627593
2477	28.232780	21.148870	0.629540	2.581798
781	28.567713	1.977580	0.547139	3.002655
2514	19.184792	22.948104	0.451175	2.429146
824	13.067665	3.563399	0.569562	2.378118
2453	26.224980	17.754257	0.502921	2.180374
3978	348.465071	10.537959	0.479811	2.307150
2279	334.835219	18.388914	0.455946	2.729115
353	358.523071	-1.152684	0.482020	2.600163
795	2.799495	2.422509	0.531043	1.929340
1036	21.051096	8.768550	0.506306	2.620457
1652	35.049416	-2.820877	0.457401	2.922877
4144	355.778147	19.776002	0.563666	1.972130
383	18.126251	0.510289	0.472039	2.138592
2441	23.206443	21.001403	0.535549	1.575684
986	333.118768	4.506045	0.559120	2.645361
2669	327.785538	27.146538	0.595203	2.086127
3788	359.021663	12.245144	0.580022	2.154410
3981	347.566935	9.160691	0.603701	3.196352
2484	23.130707	21.615204	0.585580	2.419587
4047	5.272603	19.045370	0.498621	2.506363
4573	21.998555	28.981228	0.482946	2.591193
4042	354.969457	17.673888	0.572212	2.721169
599	337.729964	5.481811	0.527848	2.008562
603	18.494535	5.287268	0.584678	3.006029
2487	333.278271	20.215341	0.618740	2.784724
3159	341.694736	23.159875	0.573170	2.325483
5341	318.912023	1.974682	0.546232	1.601001
4011	346.715492	8.142488	0.532107	2.311110
4307	7.353042	19.732175	0.551694	1.984211
807	41.941743	3.026092	0.626548	2.102129
3130	20.534213	29.528165	0.582779	2.137269
2747	331.513067	26.134255	0.562248	2.087633
2088	332.299328	13.572829	0.510532	2.038476
3064	9.374773	15.386964	0.554405	2.440855
2470	26.597056	21.594957	0.504750	2.236556
304	324.232516	-0.072973	0.515734	2.659578
66	320.497553	2.972603	0.494600	2.162211
1963	340.250597	-0.982803	0.468025	1.693210
268	22.099422	-0.371672	0.506282	2.770879
3315	352.333586	7.248032	0.546944	1.677134
709	6.249739	2.053427	0.538929	1.997851
374	27.027616	-1.480727	0.540730	2.136074
4286	355.095039	19.063694	0.461706	3.215645
471	35.327616	-1.017242	0.490328	2.313447
37	323.722537	5.076563	0.522418	2.040316
2197	345.101677	12.635583	0.475224	2.722924
3975	346.276348	8.293249	0.575147	2.081473
369	358.361632	-0.691394	0.481362	2.255205
4266	15.960145	25.724525	0.529579	2.300633
2221	340.804609	8.313986	0.553134	2.446829
4259	17.152386	25.815645	0.565395	1.938998
2987	12.245990	21.780509	0.538976	2.182687
361	29.188758	-1.595656	0.575347	2.717321
2212	341.289576	11.342849	0.593447	3.226070
336	322.982846	1.276287	0.661767	2.637976
702	338.334519	1.467704	0.474944	2.648382
4033	8.886162	17.662147	0.454017	3.169968
1969	356.011328	-1.236445	0.594594	1.912300
258	328.354523	-0.429016	0.567383	2.439937
411	354.365657	0.075113	0.531046	2.138847
88	326.926247	8.512588	0.554214	2.196034
2466	22.331866	21.076449	0.462054	2.766698
2538	333.339849	21.575435	0.537799	2.214386
1555	320.122607	-1.479721	0.551103	1.691490
2995	359.383617	7.128119	0.505576	2.362733
1045	27.745421	10.290620	0.613670	2.269486
57	325.132223	2.391178	0.526676	2.031689
61	329.780700	3.263442	0.466867	2.453917
3052	345.089608	13.813235	0.554364	2.142066
2188	340.245409	11.222870	0.585593	2.607135
4959	22.479069	27.107860	0.629577	2.688489
2337	18.161270	19.392541	0.474424	1.965025
556	4.868998	8.338575	0.517229	2.373402
2269	336.773411	17.139515	0.533596	2.354749
2556	24.481858	26.037241	0.527407	1.893848
1338	37.959044	-6.442381	0.486350	2.753450
3804	6.659273	12.978002	0.530219	2.080962
2512	13.505301	18.802962	0.613324	2.693759
2609	332.694149	23.830834	0.466325	1.639393
316	339.653965	0.719784	0.567897	1.909270
601	6.869320	6.033342	0.508660	2.213857
2348	17.400731	22.077101	0.474600	1.979135
4013	352.432294	8.184944	0.503633	1.905225
2496	14.976823	20.412754	0.571686	2.141066
3162	340.571888	23.038120	0.509837	2.000055
3041	349.198835	12.480262	0.501373	1.897869
2295	331.407299	19.383384	0.547445	1.789911
328	336.515559	0.151828	0.572250	2.004784
2367	30.243129	23.742494	0.511615	2.185136
1057	22.774844	9.837835	0.513207	1.874858
815	21.613816	2.167511	0.612793	2.647440
4325	28.012611	27.408786	0.541825	2.219970
830	6.026184	5.039331	0.509471	2.280756
707	359.324700	2.463441	0.596775	2.406282
1743	37.175724	-4.282431	0.469961	2.091162
1856	32.836968	-6.370684	0.471522	2.405335
798	39.584075	1.979127	0.574456	2.122104
485	24.040574	14.510360	0.524245	1.616255
834	21.597089	3.477405	0.670803	2.223935
1093	341.400726	4.788710	0.574892	2.227051
357	20.656592	-1.192122	0.550497	2.133588
2504	329.708966	19.990245	0.541042	1.908685
3484	9.618791	23.086328	0.657882	2.050286
2207	342.013864	10.570813	0.567540	1.769148
1625	9.092288	-1.070134	0.522924	2.834076
1134	35.264537	1.650479	0.571983	2.677738
276	42.092972	-0.324502	0.539824	1.946047
2490	22.093878	24.534929	0.477813	1.702722
3669	21.231076	27.421454	0.565328	1.907312
2434	19.275482	20.949446	0.504205	2.283008
2464	28.234555	20.988896	0.662481	1.936725
450	41.105161	0.257474	0.520351	2.002148
1962	337.755045	-0.904660	0.514231	2.196766
583	15.380450	8.013807	0.490771	2.183148
2157	342.287352	16.068655	0.477309	1.991880
2525	17.473934	25.169188	0.573397	2.218432
624	33.502674	3.663962	0.558806	2.469296
39	329.187127	5.305684	0.513436	2.151113
227	42.649845	0.082358	0.551059	1.679559
1033	13.887090	10.033849	0.536955	2.044861
3624	7.327565	18.066962	0.548295	1.969810
810	346.423109	3.646808	0.622181	2.728812
4012	347.719336	8.117878	0.456365	2.913990
776	13.303042	1.483818	0.520723	1.898110
473	23.589100	13.515400	0.641952	3.143379
903	20.229774	3.085281	0.472679	2.038252
1102	3.325270	9.940034	0.521526	2.072185
393	26.894298	0.973469	0.641357	3.354562
1101	10.036008	10.163725	0.459746	2.749406
4015	351.458920	8.122836	0.509671	1.781458
770	352.017611	1.540325	0.575302	2.861886
2316	18.507413	15.323284	0.601267	1.864593
1584	325.355504	-1.199939	0.529458	2.489641
563	5.876785	8.216953	0.539765	1.817199
2189	331.553676	10.637383	0.598229	2.194233
611	10.551764	6.798397	0.659311	3.149405
2089	339.726397	14.336744	0.535924	2.792911
949	19.122299	6.005195	0.501026	2.724608
2420	23.886037	17.410816	0.528534	1.840192
2473	17.010354	21.479138	0.523008	2.061503
405	16.030279	0.563061	0.539545	1.663390
2099	331.443638	10.703350	0.453356	2.891089
177	330.215444	9.959135	0.591507	1.374775
3799	8.071262	13.539055	0.460206	2.528108
638	24.883826	7.411442	0.557751	2.031944
559	1.065311	6.799627	0.589705	2.538495
93	323.129042	7.293509	0.503646	1.934174
751	17.126044	1.639505	0.553004	1.837089
1064	21.026396	11.312387	0.499786	1.971410
2929	334.106860	26.402589	0.554201	1.328178
29	327.838966	5.530839	0.538151	2.184825
2133	337.617534	15.778536	0.488538	2.264905
2222	337.013658	9.479480	0.597569	1.897104
2509	25.616322	24.849906	0.488103	2.050980
667	9.915688	2.735151	0.489858	2.316080
2232	331.640631	14.283503	0.526393	1.262432
4127	11.675439	24.019034	0.480932	2.238140
1580	319.275802	-1.429297	0.550683	1.433831
273	42.435221	0.061966	0.467798	1.884642
3986	357.472351	9.686338	0.472412	2.718770
1707	34.609598	-5.404692	0.526322	2.138406
948	9.148104	5.964902	0.538669	1.593463
734	5.225125	3.973889	0.479766	2.383209
3622	2.444928	17.932647	0.529635	2.023114
2196	341.523960	11.691382	0.466655	2.788332
1073	24.934266	12.203787	0.559399	2.997690
2336	18.941339	15.442217	0.518369	2.194792
4025	1.659733	10.302765	0.570952	2.007761
2291	336.185179	19.817388	0.535591	2.007523
1050	20.352509	9.263329	0.499289	1.601213
2126	342.471251	19.520941	0.531093	1.507907
743	347.622904	3.450243	0.511717	1.614070
81	319.125214	6.790645	0.521568	1.746690
2310	335.510894	19.532694	0.510229	2.342571
2980	4.491203	10.900454	0.520014	2.209846
3097	352.499316	16.421226	0.649136	2.779271
2309	333.382192	19.994397	0.574899	1.969817
2460	20.367556	21.302992	0.557440	2.289802
1553	38.414287	-2.412240	0.645143	2.309662
2320	18.544389	14.957423	0.472498	2.537712
1680	32.868611	-1.151849	0.509309	1.507735
467	41.491933	-0.206709	0.540312	1.457758
2489	329.860125	19.841877	0.623212	2.202578
729	350.491639	3.423269	0.456433	3.319125
756	345.815714	0.841002	0.478373	2.229682
4337	29.941734	27.824398	0.597961	2.061107
373	15.342813	0.267955	0.524859	2.084916
4143	351.369676	20.034195	0.564237	1.907452
1618	14.485622	-1.197557	0.538142	1.432246
3005	343.581538	19.330221	0.553995	1.146550
424	36.021156	1.119169	0.625301	2.683068
3163	340.975377	22.426961	0.471129	2.326305
4027	354.306589	11.227506	0.568050	2.456823
550	356.697135	6.290194	0.557405	2.457505
4026	4.461239	10.321345	0.573981	2.148123
2398	23.411581	17.961507	0.480895	2.145976
3040	10.660890	16.732611	0.460022	2.712406
2401	29.206043	17.886027	0.627522	1.907720
605	6.920968	6.663541	0.576095	2.674143
2971	18.471542	26.297837	0.568739	1.594031
913	33.512678	4.154828	0.495663	2.075146
300	325.280805	-1.378983	0.485308	2.024391
4302	351.754639	19.233930	0.556420	1.910161
2235	330.724532	14.140823	0.518733	1.350792
2283	332.963084	18.984546	0.539966	1.489420
934	25.204252	4.671308	0.589725	2.641646
2520	16.045720	15.223409	0.625638	3.237818
3990	0.388301	12.351002	0.449899	2.837073
704	348.862592	1.210860	0.639974	2.843697
574	8.200272	5.954623	0.561284	2.208517
68	328.585147	5.170117	0.564556	1.531830
3792	349.053695	11.595415	0.480247	1.990292
3086	7.979292	15.452037	0.545902	2.122824
2274	329.981125	16.268967	0.533548	1.379424
376	32.580461	-1.155542	0.525746	2.447909
4041	349.972896	17.786845	0.520320	2.393168
3618	359.512315	17.824435	0.446824	2.112624
2347	19.318824	18.205537	0.646483	2.889201
768	343.197096	2.293248	0.511082	2.008093
423	355.913494	0.732511	0.590213	2.130062
5336	323.164259	3.162451	0.470525	1.810742
1088	341.228046	2.899532	0.621585	2.491820
128	326.808921	9.033494	0.472662	1.345549
772	1.931721	1.673662	0.562929	1.969722
3047	348.348628	13.779718	0.493031	2.111594
254	26.186805	0.364350	0.507658	2.267198
52	320.635191	3.927441	0.554380	2.254959
2991	13.171761	14.836150	0.552931	2.474304
460	12.256738	-0.646635	0.486727	2.453513
1965	344.423215	-2.282617	0.542326	1.468762
417	23.816405	0.664612	0.537633	2.152287
3621	0.174321	17.943550	0.549791	1.712858
1040	27.639266	9.268886	0.517386	1.874700
4000	347.480529	12.284311	0.556644	2.180632
261	13.068698	-0.258425	0.521628	1.858333
2412	28.336968	15.735241	0.557889	1.995749
3803	358.930826	11.860274	0.448259	2.384654
2323	27.345322	15.223839	0.535539	1.853675
774	7.445145	2.325567	0.450167	2.409320
415	348.016528	0.456067	0.541565	1.981315
703	340.805305	2.186645	0.615110	2.351313
250	30.682586	-0.490177	0.473849	2.379130
433	326.167710	1.307587	0.515933	1.394885
1961	331.700417	-1.137774	0.498636	2.301318
3376	351.783088	17.960973	0.557924	1.765794
791	350.898342	2.029161	0.536954	1.670048
526	27.985689	7.327456	0.482712	1.723701
2732	333.536804	25.913504	0.498566	1.929959
2213	345.016131	13.639037	0.552011	1.707279
2493	18.334289	24.687565	0.624788	2.834902
2554	25.618798	25.429627	0.527542	1.633092
981	337.338301	5.038306	0.521754	1.646581
2982	12.410057	23.762461	0.472855	1.488125
1132	23.756015	2.447356	0.587187	1.831405
2546	13.904651	11.942035	0.531375	1.889549
2467	25.028461	21.433738	0.620670	1.384121
3606	349.363674	16.439972	0.620049	2.593051
677	43.150676	2.715602	0.471680	1.928100
663	357.473251	5.449333	0.531720	1.695457
1674	24.087557	-1.711801	0.482160	1.475242
314	334.997790	0.248542	0.570711	1.763871
2069	335.837053	7.725478	0.456956	2.720638
4002	357.305623	12.105779	0.670319	2.463978
850	12.224919	5.625803	0.461257	2.639461
691	40.859160	3.716448	0.537142	1.917495
2282	329.741493	17.304983	0.565372	1.596480
569	347.544632	6.789146	0.527657	1.556067
642	34.080751	5.602136	0.561485	1.094395
303	324.420613	-0.237386	0.524631	1.194831
311	338.004665	0.742711	0.482899	1.598378
2541	29.052269	26.658910	0.508624	1.797095
265	3.534357	-0.599634	0.516832	2.040710
2351	26.189780	23.139109	0.488970	1.420550
3016	13.313945	12.469497	0.461981	2.134607
4160	7.608183	20.968338	0.533270	1.190120
2220	336.441025	9.279916	0.487324	2.183907
907	40.971018	2.980951	0.624030	2.049252
44	324.987269	6.484165	0.560499	1.357862
3396	349.496394	18.576009	0.476429	2.377969
2564	28.819503	26.773245	0.573571	2.213697
2186	331.204823	7.833054	0.454137	2.605238
2147	338.146991	8.697222	0.562125	1.811161
3160	339.494031	22.606673	0.530839	1.354592
2202	337.280438	9.527906	0.601641	1.944196
132	322.994878	7.926866	0.484932	1.301209
1688	38.099853	-1.344288	0.460445	1.858831
4162	10.282413	22.195929	0.488760	2.181146
765	37.604125	0.802046	0.518957	1.702499
2698	332.278165	24.128950	0.471338	1.493456
1953	332.016454	-1.423403	0.546843	1.959825
3023	14.811041	25.131842	0.470692	1.841931
5008	26.095064	27.545562	0.592336	2.437067
701	330.717743	2.014393	0.534456	1.389592
2443	20.833186	22.857358	0.575436	1.965446
2200	330.557001	11.692023	0.631140	1.404430
2968	344.966573	7.201784	0.590046	1.940999
3006	344.846478	19.539435	0.600442	1.795534
99	319.928059	7.096782	0.547275	1.050075
590	14.140045	7.960696	0.580806	2.463493
1710	34.328302	-5.288088	0.477298	1.514048
573	7.808699	6.402898	0.468556	2.416883
3309	358.341833	7.802775	0.573439	1.613704
3620	0.849094	17.576307	0.612473	2.467157
412	355.079938	-0.974369	0.605172	1.954124
500	19.625692	12.518311	0.565359	2.401891
1056	23.293868	10.902423	0.636665	1.902458
3019	14.061001	22.668264	0.600158	2.211179
3071	358.079830	14.588188	0.632647	2.178366
3069	353.806957	15.548811	0.614128	2.499543
898	1.190139	2.980446	0.564373	1.867737
853	30.704270	4.847477	0.512855	1.586099
3811	346.611775	13.499791	0.550296	1.342089
3985	0.120027	10.463501	0.525265	1.627842
896	358.742589	3.150733	0.553449	2.033522
733	2.380395	2.782297	0.609046	2.791860
1836	12.564364	-1.279149	0.483949	1.491288
3785	358.194908	11.968828	0.484124	1.942692
4161	9.484823	20.731672	0.564687	2.889409
326	325.197960	-0.738080	0.644546	1.969974
979	345.447108	4.673553	0.594156	1.825354
2386	26.821339	15.400928	0.461638	2.894223
2415	21.011602	18.359541	0.482726	1.737219
802	359.533691	2.403316	0.504913	1.836850
1061	21.551441	11.045214	0.541554	2.060731
527	29.071088	7.120216	0.481537	2.021746
64	326.617960	3.814602	0.560240	1.795236
464	34.958694	0.231257	0.463777	1.887365
1613	1.025154	-2.004899	0.561373	2.028796
1828	0.049167	-1.853426	0.525556	1.943535
1140	353.253910	1.298501	0.551029	1.586230
901	15.096135	4.265805	0.645716	2.492489
730	355.463759	3.117325	0.580725	1.892623
1113	35.325901	3.602304	0.546951	1.803328
976	338.787704	4.158283	0.608057	2.187982
1581	319.502331	-0.863531	0.574201	1.321645
2407	26.259733	15.832854	0.519731	1.862778
2285	338.940393	18.689540	0.617265	2.534770
682	36.369993	2.388828	0.639875	2.733812
841	15.039108	4.063696	0.543451	2.074264
699	11.903355	1.104481	0.597086	2.121377
621	16.593738	7.849962	0.623207	2.271910
2552	20.626092	25.115182	0.525590	1.563429
1602	38.547364	-1.150250	0.579669	2.265984
832	6.786536	4.868909	0.526253	1.568041
297	342.502996	0.140159	0.663946	2.665666
3065	11.377251	15.202688	0.658340	2.473624
4503	29.368859	28.803793	0.612318	1.502888
4028	347.970901	15.227679	0.541045	1.846666
2748	332.262823	26.516848	0.503984	1.394912
3610	359.761356	18.259328	0.483745	2.164303
3307	356.500626	7.754459	0.561795	1.647298
2555	20.119343	25.583341	0.595617	1.822427
2786	327.616308	26.808260	0.472377	1.878734
2559	25.475092	25.534821	0.592649	1.774911
1055	19.677685	10.368019	0.580884	1.974363
828	23.761361	4.454366	0.530080	2.463816
2131	332.244742	9.195641	0.559068	1.521944
3074	349.426379	13.227527	0.582041	1.918980
315	340.721155	-0.019462	0.574466	1.739297
1035	21.576857	8.348336	0.579326	2.464783
5328	324.185204	1.388562	0.464308	2.671699
616	10.292779	8.368742	0.524994	1.821129
593	343.431678	4.974263	0.458208	1.933082
1588	345.429715	-1.751461	0.540454	1.922175
1095	347.310200	3.903608	0.465163	2.052149
1189	36.698296	-7.069226	0.591842	2.105491
2966	353.198495	6.371961	0.622227	2.466685
977	1.755510	4.907384	0.452219	2.119835
581	9.201961	7.341049	0.468385	1.643684
619	9.406578	8.712460	0.528655	2.011640
3049	353.165748	14.885893	0.656455	2.059891
1083	22.846925	12.363835	0.487735	1.841845
2346	18.968120	16.302240	0.530258	1.566882
522	33.700637	5.976018	0.519038	1.180361
641	33.469027	5.773984	0.518580	1.358884
3601	348.602029	15.915602	0.551734	1.631144
3077	358.890411	13.145880	0.464446	2.486957
648	32.986426	6.632593	0.600231	1.346221
35	326.166632	4.053098	0.583925	2.043379
392	18.507029	1.537600	0.577825	1.818114
482	28.267574	13.076290	0.515139	1.680063
1711	35.349310	-4.710993	0.583557	1.725785
3199	8.531374	23.516396	0.473349	1.273408
3062	12.644261	16.352001	0.521528	1.930193
1684	20.864451	-1.307963	0.550132	1.200728
3115	342.336857	20.357866	0.642914	2.101712
370	6.058642	-0.646992	0.463245	2.432920
2318	23.109716	13.842451	0.494750	1.686842
3053	359.220116	15.016846	0.513973	2.307013
3015	13.076224	12.636002	0.517504	1.929296
894	5.427136	5.845918	0.609619	2.001175
2485	23.941649	24.308172	0.488055	1.501701
465	23.482267	0.018156	0.537601	1.314055
1556	320.504013	-1.858639	0.625038	1.778756
269	5.292670	-0.820922	0.609037	2.422355
697	9.282487	1.072463	0.524717	1.699027
294	5.037656	0.454355	0.554285	2.271920
3039	11.108837	15.770485	0.497680	2.057838
1318	38.356575	-7.456453	0.569577	1.433955
2183	332.793068	9.403527	0.499528	1.719704
1175	35.255458	-7.888158	0.492473	1.780020
696	7.597516	2.246742	0.508909	1.613762
435	320.893947	1.579728	0.486142	1.927987
721	353.783551	3.199784	0.538044	1.846383
2349	16.578468	15.272360	0.579915	1.830418
1086	350.124663	4.345132	0.608665	1.695342
2437	27.856336	19.132483	0.452469	1.556204
1344	42.867534	-1.190788	0.496068	1.491619
5332	330.198982	1.849443	0.455455	1.962362
547	344.668922	5.109524	0.605954	1.354280
3132	20.105541	30.375644	0.542591	1.302980
693	43.105510	2.754492	0.574157	1.198767
2352	30.036828	22.582040	0.554086	1.697333
4547	30.771984	27.349330	0.488194	2.075569
962	330.327491	2.896508	0.619668	1.910301
2383	20.970948	16.038873	0.489463	1.818282
2447	27.598557	18.209094	0.452002	1.665457
2127	333.457474	10.184377	0.514814	2.090122
2152	333.823767	7.513220	0.558204	1.919911
2395	22.488124	17.758428	0.538265	2.296788
2091	342.558905	14.459907	0.538471	1.527180
2414	27.588030	16.453369	0.465787	1.363548
822	3.135277	4.247281	0.457197	2.075238
576	15.297286	6.816327	0.502212	1.617709
2999	350.799514	6.507009	0.475478	1.819295
2146	340.054097	7.976204	0.513541	1.999730
2308	332.147410	18.861564	0.515388	1.327275
2373	29.307748	23.132811	0.467086	2.602695
567	340.378620	6.475439	0.458225	1.981604
1735	35.812947	-3.691528	0.587033	1.686630
2419	22.729999	18.121365	0.479577	1.749452
86	322.656387	7.376091	0.570912	1.356369
759	11.965078	1.871144	0.528589	1.167113
501	18.456528	11.422887	0.476134	2.398129
965	338.561801	4.399579	0.452742	1.921860
971	334.737421	4.521975	0.565992	1.961912
647	32.884687	6.150204	0.478061	1.289315
726	333.445270	2.371775	0.570896	2.110198
1742	37.200656	-5.074812	0.570505	1.654813
2503	14.908839	11.178842	0.630998	2.184327
3098	0.040790	15.743945	0.503254	1.275279
1188	33.009085	-8.158455	0.650370	2.407438
1112	35.118240	3.425068	0.596332	1.778660
4339	342.741142	19.953736	0.462239	2.016616
750	13.332175	0.691930	0.450022	2.465409
2423	16.035755	19.274305	0.586072	1.937649
951	25.921743	6.413676	0.487012	1.751938
2111	338.634173	13.480562	0.483036	1.625852
4248	10.584025	24.959983	0.572077	1.712914
51	329.700116	6.361619	0.670398	2.236446
2548	14.923187	17.198360	0.561271	2.224703
2379	28.000405	23.682325	0.579514	1.439772
2293	329.672830	18.765698	0.585985	1.810933
2300	334.617115	19.227420	0.568170	1.742117
1623	355.341837	-0.865983	0.467138	1.802210
2591	333.088445	22.848766	0.668894	1.698726
2411	23.412314	17.475856	0.570764	1.721789
1614	4.279694	-1.065786	0.450800	1.756938
3615	2.166934	17.371874	0.594046	1.766153
78	324.107168	4.990515	0.611399	2.061755
2101	330.736163	12.545127	0.509912	1.406336
2965	345.079023	10.895525	0.569474	1.401280
3096	7.386587	16.184682	0.653667	2.660110
85	319.229489	6.928861	0.451696	1.785524
4137	0.685972	19.682320	0.600670	1.699686
4336	30.174915	29.234591	0.507122	1.868662
2511	26.494287	24.487481	0.624896	2.164925
3063	4.750602	16.673050	0.499301	2.147975
409	34.355961	-1.383905	0.619593	1.726510
1231	18.621076	-2.271800	0.502792	1.413547
240	336.146609	-1.378616	0.468662	2.311638
2107	330.572237	13.237580	0.567422	1.529355
1669	38.617562	-2.999473	0.544194	2.074893
752	333.528041	0.989564	0.611479	2.006183
1017	20.934252	13.011668	0.632937	2.775218
2510	25.649544	23.698215	0.569709	1.259444
2132	332.871604	9.625652	0.546313	1.748412
3060	4.136925	14.775691	0.622847	2.057987
4287	0.648232	19.401293	0.587291	1.510029
2076	330.621974	6.897000	0.605943	2.078232
1749	34.655855	-3.273818	0.506480	1.676566
330	333.824846	0.564927	0.603947	2.011694
317	327.026600	0.564102	0.531737	1.668973
2547	14.346263	15.619893	0.513809	1.566615
3291	340.876225	22.468210	0.601673	1.658630
639	31.237251	6.133080	0.505581	1.197031
2344	18.162865	22.674029	0.635341	2.122718
1133	26.608997	2.630511	0.505853	1.639735
3972	346.156567	7.556370	0.611159	1.544119
584	16.758900	7.636922	0.604883	1.250715
5331	324.291631	1.378745	0.580119	1.461836
2424	20.149030	18.689479	0.512072	1.393792
4260	10.385376	26.024456	0.540192	1.162201
2102	334.054358	13.133422	0.561804	1.973596
4312	5.100374	20.673876	0.554999	1.654424
2435	27.536657	20.667258	0.596503	1.096114
350	351.361693	-1.481836	0.647916	2.149818
671	41.816308	0.894637	0.463357	1.886418
843	17.328517	4.377668	0.466756	1.822108
2071	343.348441	5.938844	0.534834	1.759363
3061	10.204164	14.603575	0.576007	2.171168
972	335.333210	3.910192	0.545437	1.403942
2275	329.739424	17.259123	0.550429	1.074961
582	13.143153	7.632637	0.472217	1.925710
2997	352.173842	7.092325	0.454276	2.292811
549	350.326785	6.390994	0.488167	1.249367
812	353.420479	4.255162	0.465520	1.921479
525	26.524960	6.700004	0.589171	1.599671
416	23.738251	0.648346	0.479804	1.179278
3612	5.773482	17.584056	0.662653	2.343783
4737	340.302880	24.446152	0.484076	1.219864
2795	327.350929	27.727529	0.560686	1.208543
2391	26.569917	14.957579	0.575006	2.152781
933	22.852255	5.169563	0.625109	2.122173
3984	357.700342	10.195975	0.564158	1.146765
233	332.103954	-1.353654	0.557802	1.716078
120	325.778592	6.914144	0.615708	2.313182
3066	359.330191	14.103946	0.636530	1.682597
1564	336.451000	-1.810054	0.545465	1.301304
2540	13.674566	19.107985	0.474786	1.390868
4450	24.001274	28.468665	0.455737	2.164184
346	22.579341	-0.794640	0.480545	1.330481
75	320.060123	3.347739	0.597930	1.717617
3623	4.852948	18.749539	0.551651	1.510564
1247	33.699805	-5.766816	0.614134	2.202907
3311	350.803900	7.644591	0.601702	1.784065
801	356.578929	2.510989	0.484266	1.532334
3313	352.586629	7.670784	0.579993	1.356106
3319	352.474056	7.891909	0.562664	1.480557
2135	340.926210	20.347285	0.576471	1.661852
1126	17.796936	1.114719	0.659433	2.560762
25	329.178933	6.147123	0.613818	1.640082
437	319.002091	0.897724	0.533854	1.258886
4602	350.971187	20.678926	0.499107	1.924080
3800	10.578872	11.950275	0.635427	1.842185
4006	348.836420	12.870895	0.581987	1.242522
3789	2.435861	10.770867	0.620320	1.994789
2166	332.627136	14.133723	0.504190	1.311629
292	357.781450	1.081789	0.580338	1.333616
995	27.528404	7.907002	0.449670	2.382974
4229	11.604439	24.493390	0.564188	1.553043
5338	328.028631	1.150163	0.455948	1.707934
2078	331.442212	6.854646	0.478898	2.112259
865	25.281510	4.817100	0.517845	1.377316
342	337.626480	1.098643	0.607604	1.765034
1746	37.517735	-4.265088	0.501283	1.435328
717	353.273813	2.261970	0.621158	2.921816
796	26.895167	3.016759	0.594116	1.601833
2482	29.314485	20.828341	0.586350	0.920490
2501	13.396624	10.879434	0.567522	1.488055
48	327.352616	5.784325	0.532641	1.187943
463	16.982630	-0.157288	0.462782	1.610151
2989	8.193134	9.477151	0.482346	2.155446
952	30.632790	5.724916	0.647986	2.621725
2993	13.705425	13.399107	0.449126	1.891679
983	332.830165	3.667466	0.619657	1.913892
4065	351.135636	21.058176	0.640089	2.298639
2124	336.207488	11.803998	0.596788	2.018432
2418	29.396497	17.155959	0.472503	1.010001
252	35.548212	-1.002593	0.486672	0.970426
448	31.548741	1.057259	0.568134	1.618663
3810	11.569922	12.130784	0.615105	2.387702
3301	351.157864	7.368018	0.600985	1.362663
429	33.950886	0.693021	0.458974	1.938372
1011	28.454942	11.269567	0.621883	1.596760
235	331.548533	-0.253639	0.460900	1.821646
3306	357.420215	7.418895	0.536280	1.013434
2506	335.999506	19.744998	0.597555	1.730106
855	33.964275	4.277484	0.465275	1.713505
443	334.515758	0.862412	0.553460	1.546781
1024	3.488971	9.617863	0.620666	1.887318
244	342.586206	-1.403645	0.457051	1.583569
2343	16.539936	17.105408	0.543709	1.407759
744	357.978858	3.301548	0.664782	2.578140
2955	337.053379	19.770872	0.571917	1.380518
1135	21.576913	1.992104	0.557192	1.584444
534	28.693252	7.604551	0.602598	1.821112
732	1.064866	3.829384	0.616747	1.513206
2195	333.463429	11.010812	0.496643	1.398696
3059	3.479224	15.035041	0.562913	1.599392
338	336.009962	1.197614	0.536315	1.744244
1679	29.894157	-1.733089	0.523528	1.439998
2994	13.832795	13.322882	0.597388	2.128594
31	328.678515	5.262469	0.564347	1.364192
67	321.467269	4.169251	0.619750	1.715923
430	38.702526	0.366566	0.517696	1.440347
461	6.995517	1.736638	0.473652	1.333109
579	15.457715	6.107723	0.667149	1.880542
1032	4.884364	10.136754	0.479257	1.646131
1818	357.455501	-1.449507	0.598010	1.469147
3365	354.212815	9.331614	0.585730	1.752198
388	13.029418	0.320132	0.574809	1.686488
3099	5.870890	15.627777	0.611593	1.690338
2338	17.465675	18.053447	0.511663	1.245759
4298	2.771510	19.265912	0.542031	1.474138
299	318.098343	-0.348173	0.490107	1.531573
1966	345.858534	-2.180028	0.575087	2.022755
4326	30.291170	28.203597	0.455903	2.342764
2422	26.681527	16.984514	0.571747	1.193950
849	10.538993	6.013423	0.448094	1.381294
2517	15.732700	16.520953	0.545309	1.262346
2335	19.753609	16.357666	0.624211	1.535285
3050	345.612129	14.037087	0.609953	1.968550
1043	25.371733	9.323555	0.549961	1.768007
4256	11.489112	25.818928	0.523482	1.373013
4054	9.957477	19.851402	0.639860	2.307419
2330	21.682846	14.866631	0.509070	1.350986
2397	17.009086	17.313566	0.526862	1.150049
363	42.244560	-1.497177	0.668909	2.300117
813	358.970322	3.406532	0.646254	1.566078
4284	345.640677	15.600755	0.492413	2.119358
2296	341.841302	20.840793	0.656433	2.382621
932	16.012643	4.791290	0.629883	1.287742
3085	2.778565	14.121889	0.608970	1.415843
4036	6.764967	16.596181	0.598377	2.005280
596	341.473910	5.393935	0.532559	1.440051
711	15.796796	1.019118	0.572304	1.471409
267	6.582232	-0.247292	0.610501	1.506236
3992	7.700165	10.617351	0.485856	1.499539
4654	341.841671	20.936997	0.541790	1.444380
4132	348.073270	18.152117	0.625610	2.179251
319	343.976435	0.332309	0.619683	2.337284
823	12.732846	4.230430	0.458468	1.607905
1003	16.399242	10.813822	0.575561	1.934053
4285	345.069404	18.665727	0.483580	2.161747
700	16.155597	0.902637	0.507086	1.526036
3798	5.923952	11.866600	0.588683	1.478499
1822	5.941308	-1.842397	0.498183	1.177890
562	3.817335	8.644977	0.588524	1.751738
466	31.232846	-0.717473	0.524003	1.318890
1620	34.480362	-1.087597	0.542730	1.209193
2122	338.591138	13.749330	0.603947	2.190388
63	323.427418	3.516929	0.449877	1.284703
4108	9.510415	22.942049	0.641960	1.466995
470	16.151419	-0.555364	0.559156	1.704301
3084	5.347042	13.434376	0.537553	1.318761
2155	334.850442	14.793809	0.539391	1.264714
626	27.182944	6.410218	0.448479	2.016695
3614	10.318763	17.025569	0.558168	1.600867
670	6.725650	3.244281	0.628096	1.972605
987	333.767133	5.228478	0.452739	1.805088
566	334.988056	5.697682	0.495302	1.590402
4128	13.174167	24.221291	0.443416	1.790334
286	354.669797	-0.623650	0.651098	1.836662
2580	333.120480	23.407931	0.499406	1.194782
1129	24.062288	1.241619	0.599755	2.053653
2150	340.467806	7.799190	0.630810	2.045016
449	35.142844	1.497535	0.673343	1.853548
3013	25.036168	26.694886	0.671095	2.113702
5333	330.492488	2.040168	0.534996	1.349862
275	39.247887	-0.855994	0.523313	1.720320
2992	11.837840	9.207574	0.647634	1.896494
2085	342.456689	13.749282	0.610440	1.813735
3314	349.178832	7.390290	0.554296	1.445081
806	32.816226	1.908501	0.607069	1.969650
598	336.635373	6.623852	0.466048	1.618071
1020	21.177216	11.829250	0.453671	2.149471
628	30.077332	5.932151	0.518467	1.494656
831	7.178651	4.642366	0.591860	1.528309
2096	331.501941	12.819836	0.493620	1.319055
1089	347.656863	4.678624	0.578061	1.412080
1042	18.483273	8.880740	0.632902	2.058744
560	3.096519	6.754503	0.560811	1.139067
1772	33.984780	-6.444657	0.554216	0.968985
1833	358.040070	-1.641679	0.614480	1.400399
1018	23.607521	11.997977	0.545985	1.052261
2080	331.654430	6.565054	0.605349	1.858972
669	11.067353	4.618435	0.571106	1.884277
4150	7.844345	20.519431	0.488540	1.805514
2457	25.455099	18.337609	0.593019	2.168481
689	36.382657	3.375092	0.453488	1.582082
2545	14.106468	11.663983	0.492407	1.487748
4295	6.224284	18.863392	0.606849	1.669488
79	324.880859	4.422809	0.579647	1.474809
352	357.997107	-0.655254	0.513889	1.955319
4008	353.889786	12.784575	0.491510	1.930973
2154	331.706734	15.274537	0.455768	2.050816
4290	357.164787	19.701399	0.471312	1.657831
247	354.350712	-0.295169	0.534363	1.269135
4843	20.053876	32.155611	0.622281	1.295225
997	16.884999	9.336837	0.503692	1.433281
1127	18.039785	0.790210	0.528101	1.716741
2287	339.223187	20.276633	0.650138	2.162353
1834	7.907241	-1.674671	0.511385	0.776950
4613	350.419634	20.686923	0.581241	1.287412
1008	23.846412	11.649169	0.455544	1.957570
787	38.346977	1.638991	0.478297	1.448701
2928	332.952718	25.566659	0.445622	1.464282
1590	352.858175	-1.966130	0.551589	1.457306
2159	332.587381	14.499721	0.627475	1.562234
3415	352.343571	11.704962	0.481152	1.426206
358	20.601517	-0.683113	0.556980	1.384942
4048	9.747222	18.847320	0.632478	1.636517
264	0.471064	-0.178772	0.593703	1.868502
3797	356.410110	12.206791	0.555494	0.975528
3973	352.415935	8.275194	0.600156	1.476430
3617	356.374689	17.841974	0.550682	1.407606
764	35.539168	0.935947	0.501512	1.336304
2440	16.975515	21.526426	0.542213	1.204227
3825	32.424968	29.523641	0.570307	1.001931
324	319.634881	-0.803967	0.604124	1.223834
4283	22.642017	27.288736	0.499428	1.182149
990	19.696499	9.197349	0.644866	1.834200
349	350.041166	0.303839	0.458934	2.102638
2979	31.491453	27.093811	0.553922	1.410412
2205	337.354604	8.834665	0.534693	1.508595
4306	359.224578	19.919482	0.507320	1.661673
1593	8.092802	-1.474226	0.592228	1.669553
372	10.667064	-1.157258	0.613920	1.976921
665	11.563560	3.571856	0.662247	2.246518
1690	19.924998	-1.374219	0.518934	1.486540
256	32.180848	0.704057	0.501858	1.053382
472	37.368791	0.267453	0.533709	1.721508
3807	355.154788	14.001448	0.604925	1.522454
4255	10.790870	26.249242	0.594642	0.944568
3974	0.752444	8.819749	0.663921	2.068312
3317	355.949274	7.601565	0.584138	1.071111
4130	9.874427	19.209451	0.569592	1.650945
737	11.793683	3.555776	0.467306	1.332597
4304	359.070736	19.947400	0.589904	1.228652
5312	325.582949	1.399514	0.589713	1.955969
3991	3.909271	10.816111	0.470900	1.631587
625	33.369687	3.375013	0.633605	1.868517
2459	20.456729	20.447840	0.515158	1.366871
3794	5.972999	11.747640	0.459858	1.486479
914	33.860248	3.408670	0.629584	1.443919
4452	27.799500	26.673714	0.517612	1.222151
2251	335.079841	15.440454	0.582019	1.899941
1967	350.541589	-1.103108	0.622963	1.399859
3806	8.017688	11.977389	0.617981	1.859404
70	327.736335	5.446435	0.455667	1.825166
307	345.964883	0.934344	0.559010	1.296709
3414	351.186821	11.629223	0.631077	2.352169
1947	338.351484	-1.849246	0.534385	1.142397
1839	12.741007	-0.880741	0.568501	1.659452
2072	342.712497	6.086085	0.586810	1.638978
425	39.371432	1.191433	0.553159	1.460338
728	335.204625	3.095295	0.479583	2.015282
2981	6.483884	10.173241	0.562484	1.372932
683	42.429603	2.128693	0.503842	1.272547
2204	339.650278	9.394730	0.517326	1.334807
3793	5.256988	12.153638	0.540227	1.070826
2129	336.110159	12.708157	0.552456	1.972000
4043	355.729983	17.024846	0.541754	1.154673
4347	341.922162	21.377799	0.452186	1.757203
2230	334.570224	13.535120	0.452625	1.430594
2073	330.858836	8.301975	0.549171	1.255682
285	352.587852	-1.214065	0.489102	1.828703
1587	343.263159	-1.867017	0.577259	1.359984
2324	27.944416	14.203694	0.498955	1.454762
45	327.154529	6.316185	0.577773	1.494265
533	27.801341	7.937810	0.553442	1.604714
2219	335.337696	8.223790	0.481725	1.312099
978	332.649351	4.045106	0.654749	1.897788
2403	21.565058	16.465352	0.641385	1.633963
2526	24.357359	25.328810	0.618747	1.304859
2537	330.227492	20.671241	0.580933	1.451288
2201	342.449068	8.063525	0.452809	1.599240
3046	355.214417	15.123334	0.497417	1.268324
2446	22.730602	18.929881	0.624262	1.732876
911	27.541897	5.184053	0.555832	1.269324
2516	18.211719	23.775309	0.655849	1.517443
2237	335.433471	15.777937	0.575882	1.466883
2250	332.733087	15.622308	0.629137	1.217324
555	359.805234	7.200163	0.537416	1.652399
3100	6.647851	15.263162	0.526393	1.255696
2319	23.214261	14.901783	0.549790	1.461357
1559	327.208174	-1.557669	0.580685	0.999711
1686	23.037162	-2.045274	0.550044	1.092810
2262	341.648111	18.344911	0.454066	1.500898
746	4.612854	3.974236	0.581912	1.310916
820	42.393489	3.081066	0.525216	1.434673
3781	345.205266	10.708709	0.628579	1.871755
1829	5.312865	-2.209222	0.507179	1.053583
5313	329.281809	2.153177	0.579491	1.709523
763	35.192414	1.246368	0.498223	1.102649
1670	35.959147	-2.496730	0.570315	1.020444
4049	9.537973	18.266417	0.482121	1.668151
3639	15.473755	26.490926	0.455897	1.236335
2110	337.886663	13.119737	0.453905	1.579878
975	2.132144	4.775314	0.625484	1.753347
3783	351.759363	10.817602	0.560595	1.284897
1621	37.697738	-1.505470	0.520718	1.156660
231	324.194113	-1.068064	0.575056	1.661518
2970	351.037131	6.732137	0.639229	2.178201
2225	343.572864	19.148066	0.657436	2.287141
1824	10.643041	-1.749230	0.585400	1.543135
2450	19.264040	19.073930	0.603348	1.434920
2216	337.104082	8.262974	0.535445	1.282546
354	2.872776	-0.918000	0.647291	2.290955
4299	3.241653	20.310178	0.528091	1.135457
572	333.645908	7.236140	0.532790	1.291525
643	25.509999	7.592254	0.633461	1.690752
3042	348.487857	13.378047	0.445083	2.370814
2184	332.431193	8.427218	0.519204	1.253647
384	40.694449	-0.219004	0.556646	0.978989
2926	331.580475	25.680044	0.618278	1.758650
4348	337.964055	20.262527	0.541088	1.222249
2535	333.938901	22.930372	0.488806	0.820795
1097	351.384471	6.323402	0.653282	1.887031
3334	351.639468	11.868924	0.586457	1.596169
3025	28.288313	27.128861	0.547157	1.140606
2492	29.070042	25.160632	0.452353	1.419749
2120	330.469723	12.378685	0.534437	1.195599
1691	25.984756	-1.025736	0.463608	1.345292
2258	342.493212	18.423243	0.584844	1.938182
2421	26.194591	18.614991	0.614321	1.577679
1964	341.059698	-1.320619	0.611324	1.520718
4148	4.749526	20.302990	0.641209	1.795769
1708	37.861792	-5.601168	0.518831	1.193451
477	28.799276	12.946060	0.496728	1.226986
2996	345.474016	5.453090	0.637195	1.437540
2553	22.580273	25.397497	0.552965	1.466305
4254	11.378948	25.956321	0.605705	1.120236
3001	8.647816	9.490939	0.649729	1.609342
348	348.152215	-0.234947	0.449121	1.774454
1558	327.417591	-2.093225	0.602788	1.804493
587	16.993340	7.988231	0.517805	0.972476
720	347.270613	3.234474	0.587205	1.118277
287	0.642868	-1.132314	0.630985	1.735723
242	340.003632	-1.316451	0.601153	1.585452
782	29.454725	2.031731	0.628975	1.916454
761	20.831707	2.815932	0.665686	1.739080
3018	13.228102	23.320904	0.666962	2.261985
4152	352.306548	20.072392	0.470577	1.267621
1072	17.341744	12.374512	0.610717	1.573018
1128	19.125058	2.403469	0.630705	1.531255
604	21.044143	5.283553	0.568762	1.322122
2325	27.345397	13.777780	0.652738	1.964804
5337	323.707430	1.658978	0.628102	1.232191
2130	338.032699	14.439395	0.656646	1.917161
71	329.372164	4.718344	0.598260	0.940613
2257	342.464826	16.446782	0.472228	1.498182
2270	338.267793	18.093013	0.600950	1.560119
1599	21.284950	-2.147251	0.584257	1.635219
1212	34.672530	-8.332242	0.554098	1.363361
2265	335.482368	18.578909	0.663510	1.933194
797	31.490927	2.429810	0.550588	1.395376
3808	1.458130	13.856742	0.591649	1.470628
362	30.618263	-0.453361	0.622156	2.080412
103	325.577592	8.942775	0.520053	1.571316
742	346.538927	4.134285	0.661860	1.798122
784	30.069411	1.635954	0.454563	1.938994
1611	359.158801	-0.571615	0.450326	1.475294
686	28.388115	3.093825	0.477699	1.668509
486	21.126577	13.409513	0.540158	1.198142
3787	359.072386	12.176116	0.626417	1.755070
554	2.992326	5.739770	0.666142	1.939900
4046	356.003237	18.767512	0.614167	1.249965
1696	327.201404	-1.917238	0.480566	1.175214
2787	327.869907	27.508603	0.518513	1.467878
108	329.002502	9.556239	0.516582	1.628048
3067	353.931656	15.101446	0.484503	1.564844
441	324.154491	1.502947	0.619075	1.338283
2119	343.669586	12.999867	0.637557	1.967409
799	345.942222	2.581172	0.667487	1.152082
1252	32.072752	-2.223983	0.526854	1.222894
274	339.363282	-0.746969	0.446042	1.185480
1954	336.350309	-2.185314	0.517294	1.356535
3048	354.136028	15.231508	0.454022	2.171349
714	344.520164	1.334778	0.454451	1.459414
1091	352.761562	4.571699	0.514570	0.973572
1616	11.698676	-1.477058	0.495917	1.215355
2498	14.974541	14.728904	0.517994	1.312956
2203	339.872947	8.706422	0.654508	1.852136
620	11.428922	7.950362	0.499134	1.366886
1606	335.292077	-1.405878	0.651481	2.363822
1037	24.682791	9.071208	0.463071	1.529803
3619	358.096127	17.980443	0.594591	1.088067
4135	356.550442	19.165428	0.609663	1.217679
2404	24.303435	15.526593	0.473532	1.514264
783	28.746710	1.835722	0.453258	1.659046
2266	330.315283	15.873732	0.442430	1.249318
716	353.045593	2.381260	0.505952	1.448683
3003	6.694402	10.970535	0.617054	1.656204
3045	351.971535	14.835878	0.580981	1.445221
613	18.357904	7.389393	0.662062	1.932643
713	335.086571	2.819802	0.449972	1.581576
1974	31.565888	-1.646783	0.451447	1.506562
421	348.174912	0.733663	0.514225	1.139584
1006	25.397185	10.069989	0.571767	1.363808
4005	9.697406	11.960568	0.562104	1.770723
2550	15.235547	22.855917	0.643293	1.929631
1946	337.862650	-1.821888	0.611000	1.481311
2969	345.850924	8.923245	0.665202	1.933751
2567	333.505447	22.146275	0.626374	1.322979
1012	21.616950	12.702235	0.597598	1.514879
2875	326.792194	27.729575	0.640996	0.977172
495	28.401705	13.193657	0.612906	1.600815
1570	352.933717	-2.371953	0.515258	1.089146
1065	28.722100	11.228211	0.659582	1.681396
2990	10.146440	9.750258	0.608215	1.611528
327	328.495561	0.156073	0.463669	1.577857
3002	8.646010	9.296167	0.540939	1.260680
56	319.116666	5.273687	0.632673	1.567566
1610	355.505712	-2.079208	0.517169	1.468241
1063	14.652842	11.656841	0.488576	1.389146
1604	41.766292	-0.976521	0.596679	1.775077
1098	343.786931	6.442209	0.656500	1.976301
921	22.955611	4.456149	0.463170	1.678353
26	327.002016	4.990516	0.635640	1.707174
1617	13.669064	-1.674940	0.510873	1.030534
248	358.499058	-0.447846	0.667562	2.205529
380	357.667059	0.123057	0.546350	1.833313
2218	334.205739	8.890387	0.606339	1.626890
129	329.214707	8.988666	0.607128	1.392700
53	320.005065	3.660996	0.628182	1.079818
428	7.718608	-1.160611	0.647194	1.997175
302	322.503244	0.495347	0.593597	1.656956
288	345.373587	-0.244526	0.581963	1.514354
1355	43.263697	-1.139393	0.564502	1.208155
92	319.485328	6.713604	0.575618	1.253020
1605	331.009183	-1.543473	0.446858	1.639047
1601	31.552385	-2.628505	0.564414	1.304237
2199	330.768350	9.634869	0.553454	1.423649
401	20.446563	-1.073699	0.457288	1.656830
2619	331.822294	22.889579	0.519939	0.906120
4010	0.229866	12.755663	0.655006	1.700631
1565	340.706041	-1.681008	0.544029	1.499414
3812	2.216289	14.245102	0.622752	1.612060
2185	333.119373	8.169804	0.571840	1.069874
2271	330.893691	17.158886	0.590377	1.631913
4294	3.121774	19.443695	0.457414	2.090552
1062	28.438821	10.673343	0.526467	1.332447
2396	28.752590	15.740084	0.512632	1.286480
1762	35.943665	-7.297729	0.632675	1.921007
592	334.730592	5.283970	0.615551	1.474489
1074	15.597063	13.356801	0.484113	1.456889
2100	330.864447	11.366915	0.650040	1.674478
1251	31.911293	-3.762022	0.484657	1.197750
3996	0.232279	12.510825	0.654055	1.820342
293	358.957738	-0.167525	0.447806	1.430558
2400	28.319268	16.777055	0.529934	1.172323
5067	24.584750	27.796716	0.565622	1.430885
4296	356.605330	19.112819	0.529249	1.557701
502	18.472074	13.541357	0.460922	1.364217
906	40.498344	2.545462	0.469048	1.163302
2497	16.326267	19.420781	0.652159	1.511466
4297	357.836768	19.078521	0.651807	1.681286
3080	5.403706	13.515940	0.557410	1.467677
919	14.442369	5.557276	0.481827	1.230574
308	350.933753	0.080075	0.510108	1.233568
3988	4.792701	10.482504	0.624675	1.289995
3000	348.082478	6.872597	0.672031	1.301925
5334	321.695316	1.199440	0.612250	1.191827
2505	329.231724	20.583371	0.568827	0.884449
427	35.505268	0.659148	0.508240	0.972821
851	19.256821	4.556387	0.544291	1.845586
2340	18.632963	18.037135	0.449331	1.511983
758	359.329090	2.573630	0.459778	1.263471
50	321.669046	6.775948	0.607883	1.545936
2125	340.660363	17.369171	0.613555	1.870706
2508	21.608521	25.386335	0.445273	1.419201
754	337.591185	1.465210	0.620986	1.579794
595	336.876074	6.612170	0.646013	2.347417
2210	338.550572	11.988456	0.547634	1.317138
4231	11.844414	25.082657	0.597962	1.391581
3784	356.443518	11.435995	0.616366	1.756565
805	20.034654	3.638480	0.559625	1.224958
2488	332.742567	22.031653	0.670147	1.619148
1039	27.689558	8.537316	0.489606	1.301752
854	31.339521	5.460150	0.588127	1.512284
4300	347.456955	19.106118	0.485653	0.917007
2658	327.212884	26.557610	0.496499	0.966615
451	41.379020	1.301128	0.616645	1.097394
58	327.681443	3.398207	0.598206	1.359276
1068	25.865035	12.065914	0.530723	1.327298
494	27.337573	13.095077	0.546039	1.382662
456	319.353612	1.394858	0.503745	1.112436
2988	9.284032	8.987849	0.655639	1.797779
325	319.279650	-1.273695	0.475141	1.651024
1052	27.495352	10.311355	0.649514	1.586766
2321	22.000794	13.768238	0.595290	1.655356
368	348.227893	0.329021	0.667115	1.532921
2211	340.424878	12.842499	0.675396	1.616620
3057	9.593936	13.309355	0.663974	1.177159
3305	355.648352	7.778048	0.612142	1.881268
87	325.708009	8.147440	0.464146	1.200245
3021	14.775234	24.764243	0.561242	1.196433
4016	348.477134	10.395922	0.664165	1.964935
994	26.036582	9.416905	0.613974	1.284458
827	21.185651	4.501717	0.556704	1.273332
715	350.411611	1.902724	0.501065	1.363266
897	0.522211	3.797767	0.510360	1.574027
1092	350.636938	5.058483	0.638080	1.236715
597	331.699961	5.339964	0.590886	1.024568
440	324.438875	0.708453	0.545493	0.922855
3102	19.720246	27.034379	0.536242	0.764956
246	345.231567	-0.259106	0.496654	1.255960
4022	355.662271	9.609631	0.462560	1.832934
1124	17.608079	3.689504	0.518428	1.116569
2086	344.188644	13.471700	0.581943	1.621819
2563	25.935787	26.370025	0.469009	1.365232
3983	355.063699	10.775448	0.645231	1.619531
2499	14.052430	14.992038	0.676605	1.635776
1136	34.482843	2.071858	0.511553	1.148952
249	24.303683	-0.760268	0.587857	1.249558
1232	19.203408	-1.550273	0.492281	1.005178
905	23.125819	3.807886	0.496284	1.199018
5344	329.282071	2.411127	0.576641	0.819024
2156	335.768610	14.344409	0.604613	1.161092
4133	348.006829	18.830765	0.499021	1.416073
736	9.617101	3.426720	0.666170	1.566771
444	339.313790	0.956969	0.539265	1.267907
2341	17.777769	18.993405	0.577112	1.199667
4171	11.172047	23.086405	0.617033	1.585969
4322	28.156315	27.541089	0.647142	1.985155
698	11.588343	0.606137	0.650243	2.011404
993	24.483864	9.138134	0.520164	1.225635
2181	333.650811	8.442825	0.660497	1.823120
255	29.338238	0.890381	0.445502	0.977293
924	38.932206	3.776898	0.452599	1.246582
245	345.905344	-0.567268	0.449089	1.298979
2958	346.750958	16.390780	0.495178	1.198376
4053	11.322145	20.253523	0.456686	1.955936
749	5.125662	0.858315	0.664416	2.356915
3809	11.379011	13.341622	0.484041	1.343808
2198	338.022972	12.563985	0.581877	0.879193
4024	5.174521	11.311240	0.651211	1.997455
185	322.022812	7.854811	0.602746	1.227686
3472	8.973711	24.370313	0.600152	1.514272
1958	349.073902	-2.204705	0.620271	1.338664
3526	9.552215	24.176214	0.591566	0.960296
232	326.280403	-0.767885	0.464107	1.311437
2495	17.212478	23.084195	0.537958	1.010055
418	28.101517	-0.312210	0.511629	1.053571
719	335.918295	3.168909	0.641378	1.703960
739	331.475579	3.934648	0.474601	1.303127
916	37.807608	3.984775	0.495312	1.524375
821	3.918919	4.801750	0.653469	1.632037
442	328.711646	1.349991	0.499235	1.295633
476	20.310368	14.230104	0.489598	1.091288
3993	7.996104	11.514046	0.586955	1.267002
741	333.807843	3.951995	0.655843	1.638100
1971	356.969867	-1.149944	0.640812	0.921031
2972	19.373932	25.551631	0.476976	0.844514
816	23.998993	3.928238	0.647781	1.692957
4040	347.397860	16.487896	0.672018	1.751005
794	358.855277	2.108593	0.476446	1.173073
748	354.391860	1.360475	0.490490	1.217399
4200	31.487768	28.274158	0.488676	0.996171
4007	354.426922	11.927580	0.586855	0.894823
1689	42.225088	-1.515885	0.560810	1.116747
1692	27.370578	-1.476412	0.477337	1.534975
2660	329.071205	27.753758	0.477006	1.084650
4029	345.568322	15.641063	0.645791	1.901968
3883	27.229510	32.953646	0.546364	0.562507
568	341.590205	6.282020	0.562195	0.986781
106	325.160315	8.920111	0.666608	1.785907
3637	11.097962	26.159994	0.466235	1.070211
2334	23.508161	14.821418	0.620005	0.843103
241	336.798564	-1.287512	0.539823	0.951696
3608	357.530916	16.219706	0.658891	2.272242
4224	26.817016	31.737152	0.477573	0.847205
2063	347.986998	-0.884021	0.522075	1.003715
60	328.431029	3.195778	0.630539	1.756484
606	16.379136	6.654366	0.473246	1.104903
623	21.288193	7.928020	0.645550	1.763728
2350	20.456475	23.736827	0.608736	1.178958
2328	20.747085	14.144952	0.532159	0.962158
3627	1.058031	18.061176	0.648700	1.767693
4064	8.799257	21.331295	0.480060	0.994045
1087	351.416150	4.597159	0.661813	1.625274
4905	18.145101	32.979079	0.520134	0.989957
238	319.583969	-1.509105	0.509101	1.183941
3094	1.795553	15.160816	0.664421	1.443914
4134	353.595349	19.332487	0.512446	1.070940
1681	35.649601	-1.684660	0.514891	0.871389
1187	31.714708	-8.037623	0.565553	0.861056
984	334.349052	5.049943	0.528056	1.065686
1675	26.729877	-1.491031	0.624341	0.764459
1612	358.740964	-2.098279	0.660057	1.269328
3055	4.198795	13.849143	0.454258	1.647817
580	12.277117	7.720841	0.612497	1.436232
4249	13.942960	25.305542	0.639349	1.351833
864	22.610973	5.715978	0.483860	0.861094
2369	28.085346	23.684307	0.552965	0.984483
3075	351.612978	14.280622	0.658493	1.554500
458	329.503320	-0.047947	0.481974	1.400917
2304	338.873283	20.285288	0.561065	1.001874
2393	21.498274	16.905297	0.448232	1.286967
5315	329.999684	2.996466	0.670492	1.752322
2796	328.503173	27.423145	0.659371	1.011875
771	356.830529	2.663893	0.623914	1.406310
1720	31.718369	-5.167034	0.533251	1.196605
371	11.234079	-0.102146	0.654695	1.868404
2749	331.463597	25.485810	0.480811	0.883605
2311	29.033496	15.188527	0.488585	1.188368
2276	331.297029	17.225459	0.622951	1.259569
496	28.561612	13.268428	0.575968	1.125428
3791	9.540402	11.634233	0.573635	1.286677
4145	0.498561	19.816443	0.465097	1.175782
4897	26.059544	31.840914	0.561383	0.761191
2143	329.811643	20.859581	0.452310	1.294639
589	10.782265	8.948006	0.539005	0.874619
950	24.919399	5.095124	0.664881	1.758246
323	319.165220	-0.963275	0.452298	1.787541
2208	342.825466	10.660862	0.662572	1.695499
4129	0.693339	17.965625	0.453146	1.088864
809	337.995517	3.893387	0.517710	0.838227
3796	347.136371	11.210421	0.531016	0.942069
3056	6.565236	13.785121	0.477871	1.415462
107	329.076352	9.376937	0.655793	1.580258
4032	3.089638	17.161257	0.448508	1.567652
260	5.198433	-0.488090	0.568831	0.874093
836	41.823976	3.233658	0.641178	1.239283
614	20.108324	8.044637	0.447436	1.429554
3648	15.521906	26.091224	0.608125	0.922495
2083	342.294048	12.919325	0.501217	1.306576
612	6.500461	8.384598	0.642958	1.407917
2153	330.663118	13.292667	0.674747	1.255776
3602	7.938993	16.116262	0.621964	1.078184
767	336.713079	1.869600	0.509773	1.505593
4147	4.473556	20.601304	0.582299	1.268611
668	6.748078	1.510983	0.655790	1.330937
98	319.014229	7.474848	0.615047	1.334591
4257	13.003673	25.862816	0.495553	1.038142
2331	16.566641	15.429859	0.502559	0.939643
727	334.509256	2.262094	0.520848	0.955997
1116	35.444508	2.785205	0.508539	1.147904
3093	2.458708	15.047886	0.479251	1.343383
2560	27.634753	24.732698	0.665141	1.458943
3014	13.612815	12.245451	0.647754	1.136274
690	39.660886	2.985490	0.450381	1.000798
1130	29.291016	1.693090	0.509086	1.017615
4139	351.665691	19.138229	0.613725	1.052224
4149	4.601328	20.773154	0.463060	1.158169
4136	2.077630	20.116632	0.490409	0.868938
3022	15.612310	25.233440	0.648413	1.171558
503	18.259367	13.309434	0.532307	1.254650
290	354.326626	-0.071119	0.662676	1.396107
1586	338.049270	-1.624655	0.655737	1.331578
4658	340.781563	21.943410	0.542543	0.853544
1569	352.588845	-2.053086	0.491390	0.578193
1712	39.077772	-5.383185	0.583433	1.086381
811	349.127878	3.266195	0.500826	0.870836
69	319.666523	3.976413	0.587935	0.882549
2807	328.594668	27.937580	0.501465	0.937093
4747	340.084707	25.553232	0.527241	0.712294
4141	0.659243	19.809265	0.483460	0.786631
819	40.948511	3.534632	0.512732	1.264824
753	337.435116	1.590593	0.679896	1.672194
4308	356.692004	20.278630	0.655342	1.395328
4855	19.709859	31.261983	0.514309	0.666330
3795	12.734142	11.270182	0.578878	1.017220
459	10.736244	0.654684	0.541182	1.153395
279	341.031215	-0.920389	0.526383	1.154399
4210	31.993460	29.712087	0.551908	1.201134
1567	343.138040	-2.011077	0.522656	1.002987
2956	339.451365	21.066498	0.455543	0.929147
2502	13.842475	9.456366	0.448791	1.352720
852	30.079244	5.556104	0.608189	1.387163
4197	26.954755	29.487371	0.471332	1.208223
1560	327.975034	-1.972671	0.541877	0.853626
1830	12.914999	-2.108094	0.446781	0.972087
119	318.156655	6.184508	0.617363	1.104385
1138	26.048345	2.996648	0.544441	1.053897
4021	356.599694	9.402638	0.492500	1.134069
760	18.177476	1.853591	0.510985	0.964485
685	27.259777	3.606190	0.444594	1.036967
2983	7.962177	9.095676	0.587998	0.910562
1653	35.237426	-2.871409	0.568040	0.814028
967	359.221980	4.628215	0.521740	0.844103
2536	335.305006	21.324688	0.583105	0.966026
360	29.111908	-0.202434	0.507408	1.267501
958	340.070900	3.043278	0.637742	1.960364
985	334.888015	4.896520	0.517465	0.969827
2209	336.558381	10.407823	0.518740	1.462676
2312	29.552415	14.600532	0.633995	0.981890
504	16.006595	11.807261	0.644579	1.256962
1583	323.522344	-1.202117	0.591097	0.922596
4146	3.416023	19.876561	0.665997	1.061755
2193	339.738305	10.558912	0.526762	0.824280
1181	32.775048	-8.173764	0.628591	1.255464
2500	14.794858	11.134128	0.457088	1.290454
1005	25.170591	9.951083	0.513597	0.920659
2394	26.726398	16.342925	0.625791	1.184056
660	356.740761	5.471929	0.612666	1.286435
3801	346.972429	12.386785	0.678611	1.552922
1041	15.108905	10.592807	0.478085	0.782207
2754	333.818662	26.244454	0.668366	0.691782
1249	32.100316	-5.401596	0.499055	0.837924
2542	30.223003	26.169787	0.659128	1.439580
992	24.613469	8.726958	0.669758	1.380234
2082	337.430400	12.298664	0.516672	1.232754
586	9.641358	8.952088	0.496986	1.012916
4208	27.147322	29.710208	0.483715	1.085818
793	356.939183	3.263087	0.518417	1.092692
936	31.907143	5.005127	0.443297	1.172199
4159	8.686735	21.952369	0.450372	0.972620
4291	359.583164	18.667812	0.675552	1.261533
2539	14.149839	18.053185	0.535298	0.681454
4034	348.477113	16.615911	0.661696	1.379548
4051	10.688600	19.329374	0.494397	0.982573
2445	19.773248	18.775112	0.580704	1.121356
1811	15.908643	-2.120471	0.512747	1.065115
351	354.727354	-0.644797	0.651678	1.063791
426	41.999359	1.012100	0.634165	1.221345
331	337.261338	-0.382811	0.640823	1.338736
291	356.091763	-0.368167	0.617468	1.004645
1076	27.842301	12.299259	0.497728	1.189747
2930	334.756185	26.082368	0.610105	1.109516
3994	9.982090	11.678231	0.508681	1.381291
3757	26.818174	32.891269	0.526551	0.487408
385	43.240766	0.675740	0.640734	1.114348
640	31.924632	5.631562	0.459349	1.192755
520	27.416993	7.265607	0.547069	1.042169
2123	342.398545	14.679412	0.483820	0.889298
1739	36.611788	-5.180537	0.661644	1.148414
4303	353.485618	19.971329	0.524036	1.354819
1627	16.293814	-1.783605	0.662988	1.479120
2524	328.271666	21.772346	0.505701	0.915311
3705	32.625278	30.405422	0.523989	0.842735
47	319.698170	6.168902	0.613022	0.871693
3303	357.347197	7.699516	0.640367	1.731885
687	30.450824	3.109312	0.605864	1.097515
5172	25.802112	29.434970	0.626652	1.199884
602	6.725900	5.782080	0.639840	1.390124
1600	26.341864	-1.715257	0.499201	0.675765
2191	334.526796	10.107139	0.546987	1.106529
5343	323.050143	2.038406	0.585895	0.729052
2755	334.749200	26.593376	0.590699	1.014201
126	324.041065	8.797707	0.623374	1.215512
1835	10.442107	-1.189372	0.620736	1.012331
3321	346.423374	7.556835	0.622600	0.997678
3078	2.994935	14.049419	0.478202	1.067756
521	32.785016	6.059416	0.558514	0.991019
3817	19.300171	32.375838	0.477921	0.896269
2118	332.931374	14.605108	0.678356	1.360751
757	355.091232	0.895189	0.447232	1.517824
1748	34.976132	-3.532140	0.675221	1.521436
676	42.582965	2.085804	0.671515	1.368043
1607	348.767115	-2.347660	0.589519	1.256041
3008	335.240108	20.873701	0.484813	0.762098
1591	356.055440	-1.820026	0.540104	0.889060
1827	17.118015	-2.170458	0.516545	0.859725
2448	29.443378	17.024827	0.575618	1.020948
104	317.612505	7.608230	0.582209	0.815263
2974	19.962164	26.325029	0.666778	1.167459
1242	320.079154	-2.300698	0.485080	0.771361
899	16.686349	2.987788	0.616713	0.914234
1973	32.252952	-2.064479	0.632788	1.422410
505	16.879428	12.815682	0.662440	1.412911
1864	35.356613	-4.830263	0.667872	1.509749
930	6.339301	5.972979	0.669504	1.289350
72	321.921366	5.181543	0.596219	0.822261
1013	27.358887	11.369244	0.565333	1.078907
439	321.585157	0.291323	0.546721	1.027521
2108	334.271752	13.937437	0.477700	1.006726
1248	32.331931	-3.834116	0.531447	0.706129
1858	38.298625	-6.554213	0.620279	0.943838
243	341.290792	-1.193930	0.643474	1.174806
4603	354.544589	20.583621	0.502525	1.325094
1568	345.698461	-1.683229	0.513350	1.099687
1066	28.584444	10.879592	0.562283	0.924939
1054	16.077935	10.324370	0.670032	1.343694
2214	345.256318	13.287897	0.646137	0.897355
961	351.241087	3.524389	0.609793	0.932261
3418	355.185789	10.265403	0.508231	0.880909
4203	32.002204	28.956170	0.660481	1.443566
2299	329.249927	18.159379	0.498747	1.154581
1959	350.903215	-2.312618	0.603307	1.042737
2317	17.348758	14.843311	0.454104	0.914965
922	28.489787	4.839974	0.625661	1.311461
608	18.021514	6.091164	0.533623	0.811798
343	8.419654	1.310672	0.611114	1.237306
4301	346.978007	19.698293	0.527152	0.667337
3416	353.346870	10.765675	0.519667	1.206701
2090	342.321799	13.751260	0.447152	1.081543
3095	4.894823	16.130556	0.483929	0.728919
3417	354.934050	7.985419	0.631149	1.053153
1685	23.042821	-1.583872	0.659039	1.575767
4574	26.869902	28.199480	0.449729	0.890392
4313	356.780002	20.746671	0.497879	0.983367
313	331.446247	-0.075000	0.594975	1.009253
3998	345.692862	11.396817	0.614015	0.660856
2077	338.943582	6.616409	0.668279	1.199105
731	356.166675	3.221363	0.512056	0.989372
3603	10.152497	16.528478	0.621226	0.778549
1075	25.758049	11.767027	0.504352	0.701359
2326	29.787273	15.137721	0.612274	0.800068
3375	349.838512	19.068281	0.451265	1.056127
1250	31.674536	-3.425754	0.515568	0.849636
2985	13.342196	17.818516	0.498191	0.783967
2087	330.665442	12.667544	0.478082	0.950703
845	25.160050	4.123058	0.468301	1.039997
3300	358.290712	6.292723	0.443342	1.268255
1609	354.851839	-2.145603	0.557373	1.062099
792	356.516099	2.711683	0.568050	0.706852
2303	329.303116	18.619422	0.667939	0.775447
3068	350.904888	14.756099	0.475111	1.087703
1956	346.727124	-2.070947	0.633776	1.246819
134	327.717441	9.671967	0.600397	0.721817
102	324.356222	8.163436	0.611721	0.860468
3079	3.909038	13.731658	0.492742	0.902742
3316	354.549128	8.475295	0.673754	1.259445
3721	26.335377	32.641831	0.642598	0.721780
1763	37.878001	-7.714046	0.641506	1.041968
3828	32.577576	30.355184	0.484235	0.760016
28	326.311238	5.193055	0.447000	0.759466
2264	333.770355	17.032946	0.663768	1.099266
2160	340.782338	15.936884	0.585556	1.116819
2650	327.055074	25.900635	0.558423	0.499413
4310	3.253232	20.347178	0.580251	0.692348
2158	341.998280	16.188122	0.605026	0.859210
1099	5.635892	9.543287	0.649313	1.072509
375	29.529293	-0.579257	0.674824	1.211289
636	22.236753	6.165084	0.542425	1.184942
2549	14.114731	22.902324	0.449296	0.964332
4877	19.720405	31.521242	0.551712	1.020399
1847	37.380404	-7.010318	0.452757	1.143081
637	21.912016	6.558207	0.668054	0.793368
27	325.570359	5.218200	0.672943	1.303729
2551	14.183423	19.417423	0.668785	1.340687
1009	28.442686	10.805686	0.483828	1.170844
1968	352.588396	-1.525437	0.574093	0.717123
4211	31.778203	29.518697	0.537351	0.677673
1594	12.505562	-2.409620	0.526464	0.704982
2345	18.310576	16.784929	0.564671	0.672050
4321	5.409867	20.663602	0.446430	1.013028
4702	340.290402	25.293856	0.610155	0.703919
2141	329.258875	19.853591	0.675947	0.951975
2234	343.622431	15.789733	0.450111	1.190701
3997	9.938365	12.300049	0.667079	0.991885
2182	331.021636	7.626460	0.502422	0.685497
1970	356.012626	-0.513392	0.441367	1.113416
312	339.240314	-0.375696	0.660778	1.115900
2429	29.138458	18.287791	0.444617	0.641178
2775	327.534050	26.824006	0.643601	0.569131
2329	21.291370	15.101260	0.672367	1.063980
2074	335.914284	6.775114	0.618321	0.981139
3044	359.005152	13.943435	0.487651	0.765079
3413	352.481446	12.074622	0.449578	1.307387
1810	11.337341	-2.307750	0.479301	0.627961
2079	336.998144	7.149961	0.590450	1.011623
2342	17.514464	14.555798	0.540942	1.066216
982	338.627476	3.766824	0.663940	1.068858
4701	340.803083	24.639669	0.541867	0.946630
656	27.565340	7.932072	0.660239	1.015654
4826	19.449446	31.554005	0.574997	1.048148
1526	323.299602	-2.038796	0.473078	0.762206
3690	10.068455	28.158134	0.549419	0.779273
284	350.722158	-1.200433	0.577769	1.039711
2659	330.777425	26.684059	0.650763	0.559648
585	16.918948	6.907432	0.446479	1.248062
657	29.133161	8.004659	0.576008	0.540288
1955	339.845961	-1.407085	0.663714	0.725216
2384	19.161838	15.666994	0.445583	1.196163
755	340.696456	1.300754	0.666464	0.992055
1766	38.216216	-7.440791	0.659803	0.738755
2976	25.126619	25.759057	0.556465	0.742203
438	320.199425	-0.027256	0.449634	1.017854
124	327.359622	8.388070	0.539205	0.634955
271	3.585804	0.552851	0.447913	0.766120
3302	357.667747	6.411161	0.663425	0.816095
1840	12.653003	-1.863179	0.671492	1.247962
688	34.415720	3.557558	0.443549	0.762997
1592	2.120531	-1.961435	0.594099	0.920176
857	43.609016	4.130714	0.537026	0.581413
5146	20.800720	29.346372	0.451268	0.717853
1579	31.201729	-2.518625	0.541476	0.935579
4703	340.200425	24.584374	0.559843	0.618950
2761	328.464215	26.646136	0.490073	0.588148
1596	14.268565	-1.850511	0.466887	0.705708
1004	24.284254	9.922829	0.605721	0.715093
1734	36.281427	-2.525820	0.672737	0.881616
2961	345.897467	12.810039	0.512815	0.986504
3607	356.104223	16.735424	0.522598	0.596284
826	20.517033	3.790267	0.458278	1.008287
1191	30.988760	-8.193068	0.522614	0.786715
662	357.244337	5.366010	0.473719	1.096282
4401	3.886065	27.266981	0.576655	0.508698
661	355.449510	5.432486	0.443030	1.005202
935	28.273521	4.535899	0.530893	0.681105
1366	320.781102	-2.259154	0.586606	0.573313
1687	24.130995	-1.835467	0.621895	0.876429
2231	330.769062	14.216268	0.481872	0.585555
4018	352.095333	10.676926	0.671873	1.322872
3073	349.126105	13.580011	0.515670	0.472357
347	35.209813	-1.981493	0.664734	1.105128
2973	17.950448	25.664378	0.547807	0.571263
176	322.986698	8.373324	0.634749	1.075277
2711	334.816092	26.613939	0.643191	0.896109
3724	26.407292	32.864824	0.597168	0.607986
2413	23.126132	17.215306	0.442433	0.941650
3007	345.151960	15.451099	0.442875	1.145487
4107	8.952859	22.277713	0.604466	0.701053
2408	29.703868	16.173903	0.664783	1.080377
2934	333.751600	26.720727	0.639376	0.588724
1972	31.330645	-3.106370	0.667119	1.354527
1673	19.501991	-1.782987	0.558576	0.591153
1615	9.451976	-1.799092	0.456482	0.956515
377	32.567812	-0.059146	0.670937	1.125063
1566	341.299065	-1.898661	0.650682	0.597098
2454	30.022048	18.129807	0.491331	0.849656
3127	20.648163	28.011874	0.454122	0.853676
1320	39.143537	-7.132181	0.605625	0.500700
1292	31.360355	-8.285904	0.542273	0.786418
4463	15.207655	28.759886	0.536392	0.517353
2825	329.105191	29.265817	0.538233	0.619223
4409	9.895681	27.980276	0.510729	0.772169
3371	349.489571	19.936222	0.680980	0.868739
1561	333.072575	-2.197059	0.518994	0.486318
4472	11.270260	29.634691	0.619720	0.496382
1190	38.001078	-7.961564	0.457276	0.676028
4825	18.518310	32.044486	0.544291	0.724079
402	13.648081	0.269820	0.673850	1.262306
991	29.375169	7.537585	0.540226	0.651468
3737	26.741340	33.057117	0.492975	0.868274
4948	10.200869	28.452278	0.507223	0.552972
4062	4.721866	21.318845	0.500321	0.567980
1595	12.894749	-2.148195	0.590282	0.607049
4311	4.423775	21.253394	0.601914	0.826837
3846	26.156277	32.559443	0.452811	0.609194
434	330.652290	0.628801	0.667135	0.714856
3979	350.095407	8.664045	0.444638	1.001345
1695	325.999910	-2.023978	0.555669	0.693317
646	22.898741	7.980493	0.538774	0.734933
1301	38.167801	-7.991479	0.598703	0.592408
2984	7.538086	10.621466	0.512604	0.588630
1356	43.890149	-1.883296	0.611593	0.837783
1682	42.858171	-1.697907	0.446386	0.585953
5094	13.136433	29.930472	0.547272	0.761828
5251	338.792458	26.342741	0.499028	0.731917
3689	10.625347	28.847582	0.448257	0.804287
917	41.726314	3.195217	0.680351	0.621446
3667	9.922406	28.112520	0.563358	0.533999
4039	346.954631	17.394726	0.445063	1.010235
4683	340.010830	25.048798	0.665202	0.754504
989	18.457680	8.457747	0.569691	0.543288
3749	34.354796	32.040377	0.552488	0.456551
305	318.055895	0.485538	0.633250	0.436069
2813	329.118594	29.278038	0.538429	0.528871
4992	10.315923	28.597021	0.572661	0.556901
133	322.531652	8.550596	0.441292	0.623352
3893	33.031287	31.541511	0.615446	0.528364
4333	28.154185	27.719912	0.675470	0.697444
5054	14.198340	29.045846	0.558562	0.377968
4453	9.530131	28.981186	0.531562	0.604549
1532	335.339786	-2.524772	0.500942	0.509637
1844	31.160976	-7.606758	0.455738	0.751595
