969 MinimalVoids voids from CMASS_South
VoidID CentreX(Mpc/h) CentreY(Mpc/h) CentreZ(Mpc/h) MinDens WtdAvgDens R_eff(Mpc/h) Dens025 EdgeFlag VoidDensRatio
740	2997.316061	1180.725136	1862.522454	0.076550	0.962244	141.174315	0.311532	1	4.194321
4004	3139.880622	1802.060411	2112.070894	0.084701	1.000791	66.590562	0.000000	1	2.510310
2513	2996.057757	2133.172024	2262.952254	0.089449	0.897164	114.501166	0.212328	1	2.797458
2263	3053.050737	1432.156071	2256.044661	0.095552	0.911626	127.598671	0.383565	1	2.925637
3310	3172.326457	1659.177171	1968.095308	0.099712	0.911636	122.447633	0.173614	0	2.677755
2436	2986.684103	2429.329163	2313.402338	0.099883	0.867696	136.741224	0.405156	1	2.500843
278	3008.333162	1377.729945	1813.001292	0.101040	0.930936	80.313655	0.000000	1	2.497397
468	2792.444579	2611.300827	1789.520074	0.102795	0.972800	122.883055	0.171775	1	3.111783
2261	2954.754277	1267.654998	2169.136550	0.105578	0.922266	87.068087	0.000000	1	2.308853
3987	3208.842233	1770.332553	2050.442298	0.105769	0.803067	116.062138	0.356782	0	2.010292
2494	2952.017878	2204.074911	2371.953907	0.109485	0.827005	93.540490	0.000000	1	2.281508
82	2831.590892	1047.853256	1933.547940	0.114670	1.034539	128.477910	0.338169	1	2.971494
1706	3058.855876	2599.417428	1662.363506	0.115818	1.018539	81.924675	0.000000	0	3.144819
769	3079.101091	1437.391851	1872.809798	0.116431	0.865028	109.426939	0.304071	1	2.167255
101	2969.318742	943.274054	2007.359467	0.116897	0.815264	100.980181	0.000000	1	2.697067
2192	3015.598682	1349.496753	2033.813828	0.117721	0.980080	103.493678	0.287538	1	2.433846
187	2899.710667	1118.676758	2017.793792	0.119178	0.948498	70.566274	0.000000	1	2.914536
2532	2832.033622	1265.965197	2274.937177	0.120033	0.865963	109.879608	0.300328	1	2.030801
2491	3091.815738	2520.542024	2480.436001	0.124685	0.806120	124.176754	0.000000	1	2.231484
1589	3172.231884	1576.024846	1772.040549	0.124827	1.015508	73.832320	0.000000	0	2.266078
775	3302.255800	2083.804207	1884.538086	0.125363	0.959078	98.328849	0.000000	1	2.231037
407	3026.209012	2167.674481	1835.642450	0.126700	1.007217	141.562965	0.308973	1	2.381347
3613	3114.889930	1997.273633	2195.911035	0.127169	1.018620	130.328058	0.287974	1	2.451392
1846	2920.918999	2653.645447	1653.308479	0.128295	1.002029	91.694957	0.723500	0	2.592148
5330	3126.329059	746.184520	1836.417993	0.128754	0.920939	109.545210	0.000000	0	2.902296
929	3264.019634	1933.211117	1953.680619	0.132058	1.023809	135.057279	0.226423	0	2.117927
318	3214.096394	1403.265409	1846.408984	0.132156	0.928269	97.740207	0.426705	0	2.020375
785	2951.973797	2463.357592	1861.909323	0.132619	1.125874	85.632100	0.000000	1	2.148610
237	3179.347862	1175.890912	1812.592574	0.134004	0.950289	104.326442	0.350884	0	2.629916
551	3077.318184	1838.776434	1951.868450	0.135434	1.083496	124.287033	0.166020	1	2.196524
2385	3000.835898	2329.637778	2181.411825	0.135519	1.060137	93.833571	0.000000	1	2.211456
833	3264.514708	2237.451863	1948.613910	0.136000	0.894645	112.982572	0.221005	1	2.352883
912	3013.364783	2506.838969	1909.095753	0.136353	1.153571	66.849389	0.000000	1	2.089771
301	2944.940320	828.465679	1838.326319	0.138248	0.964809	83.497204	0.000000	1	2.280526
296	3090.980258	1849.757190	1830.853509	0.138894	1.041443	116.663612	0.401477	1	2.304525
2206	3130.145919	1446.011107	2066.275319	0.139418	1.028617	69.173892	0.000000	1	2.026522
2109	3267.411486	1130.375176	2186.540863	0.139959	0.904453	130.541131	0.000000	1	2.675059
900	3151.791793	2102.075904	1931.720659	0.140983	0.976628	103.080341	0.291011	0	2.270902
1952	3217.787587	1025.615461	1770.103600	0.141148	0.974804	89.818034	0.000000	0	2.507696
680	2929.464854	2810.172503	1850.894137	0.141550	1.168846	78.427149	0.660751	1	2.269793
3051	3132.719320	1614.142798	2176.279166	0.142902	0.968359	82.664575	0.000000	1	1.589548
345	3349.161461	2367.469348	1768.993659	0.143745	0.970016	99.237825	0.000000	1	2.226109
2927	2956.437246	1229.023057	2429.141992	0.144825	0.733626	87.252668	0.000000	1	2.350076
253	3084.065299	2830.755098	1778.209674	0.144990	1.038481	137.983044	0.121328	0	2.615831
2476	2851.599123	2321.035441	2232.883856	0.147312	0.852165	74.983036	0.000000	1	1.747164
627	3121.516988	2514.413182	1961.531689	0.147659	1.045233	132.613031	0.239175	1	2.043333
674	2804.326600	2722.886075	1850.810233	0.148025	0.989956	89.096046	0.563342	0	2.160967
4035	3241.612343	1698.041754	2258.748536	0.149228	0.850640	115.660633	0.257508	1	2.270570
2620	3055.726379	1139.359640	2415.209455	0.150502	0.887165	100.784878	0.077838	1	2.327347
4001	3103.875923	1552.170382	2083.859765	0.151609	1.134537	70.959696	0.000000	0	1.544311
1027	3173.382919	2210.465454	2039.336229	0.152011	1.172156	113.398680	0.054645	0	2.233026
3980	3345.129555	1789.975832	2057.640675	0.152408	0.889471	81.748362	0.000000	0	1.874136
2236	3073.586936	1159.113710	2174.832352	0.152672	0.893255	77.590428	0.000000	1	1.933698
110	3077.831554	713.235813	1981.730341	0.152709	0.871030	92.604745	0.000000	1	2.432046
781	3074.339519	2496.621901	1855.923818	0.153566	1.005041	98.643884	0.000000	1	2.093800
2514	2867.350141	2175.324979	2281.840404	0.153715	1.271790	51.735276	0.000000	1	2.098342
3978	3047.312472	1552.737087	2041.723510	0.154828	1.170286	78.080761	0.000000	1	1.926056
3981	3321.471223	1471.959213	2056.305525	0.159167	0.951878	87.688629	0.118181	1	1.841050
4047	3060.621497	1921.837781	2240.992473	0.159628	1.282003	68.640946	0.000000	0	1.799139
3159	3118.755186	1371.794740	2397.524504	0.160720	1.025000	130.503338	0.466075	1	2.457147
4011	3165.023249	1485.203556	2005.843998	0.161118	0.904558	62.074550	0.000000	0	1.676787
3130	3048.987256	2271.618041	2557.847885	0.161365	1.070600	56.900421	0.000000	0	1.599022
4286	2978.952224	1705.406161	2212.868443	0.162993	1.273529	82.579331	0.000000	1	2.170523
3975	3255.973432	1451.975950	2023.616583	0.164225	0.986118	101.785342	0.528956	0	1.775959
4266	3022.789590	2154.036354	2415.776978	0.164374	0.981426	67.271361	0.000000	0	1.576564
2221	3169.085435	1331.528244	2016.970310	0.164727	0.944772	121.511842	0.266485	0	1.915647
4259	3084.567178	2200.660615	2453.333914	0.165024	0.912046	107.876524	0.317370	1	1.793351
361	3122.709890	2541.572086	1764.048474	0.165249	1.284602	71.553970	0.000000	1	2.322524
1969	3353.633818	1698.151328	1772.577766	0.165764	1.044178	119.781449	0.370935	1	2.003385
258	3075.189730	1023.898080	1794.897829	0.166038	1.272641	64.995902	0.000000	1	2.406380
411	3207.363371	1667.813739	1807.906724	0.166073	1.230473	52.564523	0.000000	1	1.722641
2466	2881.802766	2247.953789	2254.262937	0.166236	0.872187	60.183488	0.000000	1	1.647561
2538	2989.175581	1212.046595	2329.558770	0.166241	0.674792	55.020129	0.000000	1	1.677075
1045	3193.924307	2536.109483	2090.779137	0.166878	0.997417	93.239363	0.000000	1	2.565898
61	2891.195238	1174.007931	1877.665208	0.167035	1.021278	65.476030	0.000000	1	2.039945
4959	3145.583744	2360.336110	2548.145307	0.167308	0.977470	76.417269	0.000000	1	1.972146
2512	3272.384624	2158.237449	2319.520714	0.168410	0.976974	129.590220	0.000000	0	1.929124
2295	3003.459632	1153.415521	2285.854996	0.171516	0.686375	52.332998	0.000000	0	1.460549
4325	2929.022704	2403.467285	2465.641049	0.172635	1.220310	57.979404	0.000000	0	2.347563
834	3399.792004	2436.969910	1910.219101	0.174718	0.775118	75.773137	0.000000	1	2.110801
2504	2967.274603	1127.745877	2295.274267	0.175358	0.760001	47.671815	0.000000	1	1.451269
3484	3338.555067	2065.779767	2468.607333	0.175391	0.954401	84.546622	0.000000	1	2.304736
1625	3177.748412	2025.580127	1780.112191	0.176572	1.129513	83.109136	0.000000	0	1.927163
1134	3031.265442	2672.416014	1849.298422	0.176695	1.093098	93.956576	0.480359	1	2.059371
2490	2888.218871	2245.344892	2339.172587	0.176910	0.905739	38.153296	0.000000	1	1.482399
1962	3073.245942	1287.771808	1784.442105	0.179233	1.174930	56.387996	0.000000	1	2.060798
583	3061.037542	2151.278281	1989.307437	0.179443	1.039205	56.455666	0.000000	0	1.802565
2157	2980.165923	1431.070359	2161.083135	0.179509	0.995421	44.591018	0.000000	0	1.887937
810	3370.269373	1428.306575	1908.621373	0.180095	0.929298	104.908397	0.000000	1	1.965909
473	3281.121067	2450.164604	2192.938703	0.180915	0.988520	112.463623	0.000000	0	2.145569
393	3281.056629	2554.184282	1834.163149	0.181737	1.038727	97.200994	0.000000	1	2.189320
1101	3008.725960	2018.902474	2025.018772	0.182029	1.012469	67.764007	0.000000	1	1.720977
770	3299.545634	1596.633226	1846.613799	0.182687	1.197296	79.003612	0.000000	0	1.758778
2316	3238.713229	2285.625669	2220.025117	0.182763	1.145989	62.722116	0.000000	0	2.001990
563	3212.083193	1950.783259	2010.169056	0.183562	0.963345	45.294157	0.000000	0	1.554747
611	3458.458543	2113.858968	2006.438766	0.183962	1.010194	119.287804	0.000000	1	1.969703
2099	2863.754913	1230.431748	2033.667089	0.185367	0.924201	76.574303	0.000000	1	1.766430
2509	2876.416131	2319.264081	2355.800414	0.187214	0.870097	51.546023	0.000000	0	1.348776
3622	3141.455447	1863.079366	2238.615672	0.190224	1.175576	49.605627	0.000000	0	1.625356
2336	3063.163572	2237.476809	2173.201451	0.191315	1.181769	58.890220	0.000000	0	1.568085
4025	3280.146532	1848.773716	2074.133465	0.191417	0.826436	52.523523	0.000000	0	1.312390
743	3135.369529	1514.350268	1888.113129	0.192225	0.963592	38.408422	0.000000	0	1.469126
3097	3395.081011	1596.842943	2278.416365	0.192919	0.969128	97.177463	0.000000	1	1.566209
2309	3072.755482	1171.254750	2321.598946	0.192937	0.967090	61.513028	0.000000	0	1.369586
2320	2970.450239	2196.663347	2134.166832	0.194292	1.346249	56.304623	0.000000	0	1.800431
1680	2946.277799	2542.814458	1778.765768	0.194374	0.945431	68.284568	0.000000	0	1.661611
729	3019.844744	1602.760849	1879.678883	0.194574	1.034104	71.421006	0.000000	0	1.499289
4337	3000.915341	2494.291204	2533.817722	0.194749	0.818866	76.380981	0.000000	1	1.479885
3163	2914.114566	1423.994462	2289.800208	0.196076	0.837501	54.013753	0.000000	1	1.751957
4027	3262.619178	1660.846038	2096.627161	0.196231	0.894813	63.991017	0.000000	1	1.511624
550	3263.083047	1721.976262	1966.932302	0.196248	0.882473	73.840901	0.000000	0	1.252908
4026	3282.886532	1921.284214	2075.831201	0.196604	0.975127	65.723669	0.000000	0	1.609881
2398	2933.157845	2294.069699	2204.218396	0.197008	1.035136	61.667765	0.000000	0	1.558202
2401	3155.170300	2560.239339	2304.859989	0.197264	1.118604	54.075835	0.000000	0	1.813601
300	2875.572731	1064.965291	1774.738072	0.198064	1.061030	45.987103	0.000000	0	1.770718
2235	2973.066592	1151.824437	2143.126980	0.198679	0.867975	32.527219	0.000000	0	1.548990
3990	2995.062174	1814.118881	2066.419874	0.199818	1.102372	84.042524	0.000000	0	1.833579
2274	2981.244561	1127.051744	2202.148678	0.200680	0.917120	34.039347	0.000000	0	1.404193
4041	3103.177967	1576.711234	2228.645791	0.201459	1.191640	57.781205	0.000000	0	1.235194
3618	2957.744463	1796.257691	2176.381206	0.201571	0.939896	44.607924	0.000000	0	1.851968
1088	3329.545380	1288.256264	1887.559862	0.202614	1.062978	94.568930	0.000000	0	1.516364
772	3285.373934	1855.954525	1849.309687	0.203292	1.092802	72.690011	0.000000	0	1.547445
460	3081.141952	2083.065023	1791.333996	0.204039	1.157313	61.740314	0.000000	1	1.679420
1965	3186.265509	1421.303386	1748.947712	0.204169	1.056293	54.289702	0.000000	1	1.427170
3621	3186.473447	1810.260620	2253.082954	0.204304	1.177628	43.377517	0.000000	1	1.048359
1040	3009.621153	2436.317533	2027.781763	0.205017	1.172898	62.612692	0.000000	1	1.699036
2412	3050.902590	2477.375422	2204.546325	0.205396	1.152471	70.240737	0.000000	0	1.407810
774	3012.642748	1963.735215	1855.477968	0.205894	1.165740	51.211018	0.000000	0	1.687711
250	2902.047256	2456.359445	1795.157792	0.206393	1.301881	52.919341	0.000000	0	1.603093
1961	2979.410951	1174.287748	1779.594116	0.206418	1.348519	53.536185	0.000000	0	1.565415
791	3208.953642	1581.312045	1856.399515	0.206536	1.011872	41.438706	0.000000	0	1.324816
1674	2986.970610	2333.999503	1767.402441	0.209155	0.862358	33.320933	0.000000	0	1.520734
2069	2921.855109	1305.469922	1971.962822	0.209668	0.859148	62.646922	0.000000	1	1.464578
4002	3482.241151	1727.178935	2165.977404	0.209683	0.996526	122.512454	0.000000	1	1.768010
850	3016.423508	2068.301487	1928.054527	0.209756	1.003821	69.326326	0.000000	1	1.469231
2282	3031.758214	1091.011191	2248.173002	0.209839	1.047801	45.023144	0.000000	1	1.525495
311	3007.511732	1320.756801	1822.858329	0.211009	1.166191	36.150905	0.000000	1	1.211496
2541	2865.596702	2394.635310	2414.563717	0.211169	0.885008	42.537908	0.000000	1	1.421874
2147	3162.970088	1261.878952	2029.700009	0.212718	1.025944	46.751303	0.000000	1	1.626407
3160	3023.196093	1350.847929	2347.157836	0.212887	1.325659	33.279314	0.000000	1	1.607402
3023	2914.951300	2099.270866	2344.132621	0.214788	0.928225	40.729218	0.000000	1	1.165015
5008	3037.624854	2409.266212	2521.328149	0.215130	0.897864	65.787732	0.000000	1	1.310145
2200	3197.764116	1020.499541	2136.780650	0.215282	0.950733	65.520047	0.000000	1	2.170534
590	3266.736626	2174.042657	2016.705875	0.215755	0.999708	65.395806	0.000000	1	1.575964
3620	3322.782744	1828.539405	2286.555843	0.216201	1.031477	91.256208	0.000000	0	1.471141
3019	3206.021031	2156.693611	2408.826202	0.217138	1.092834	60.359201	0.000000	0	1.779366
3071	3387.695598	1753.035091	2217.928867	0.217161	0.971513	78.043846	0.000000	0	1.586933
3985	3177.652292	1808.934032	2059.367119	0.217623	0.992572	39.627632	0.000000	0	1.031334
2386	2877.525902	2347.797697	2136.790737	0.217901	1.291575	65.077126	0.000000	0	1.261277
802	3152.392785	1795.103203	1862.568690	0.218428	1.084327	43.201601	0.000000	0	1.736549
841	3189.909651	2177.874490	1907.861743	0.221113	1.100445	52.006683	0.000000	0	1.350160
699	3329.511098	2127.195237	1836.077106	0.221227	0.983109	57.656039	0.000000	0	1.275175
2552	2988.663810	2251.186749	2398.382974	0.221381	1.150025	38.080095	0.000000	0	1.202971
1602	2993.373838	2752.095790	1775.579357	0.221487	1.471397	60.052139	0.000000	0	2.174587
297	3429.905828	1294.157703	1810.225745	0.221751	1.166576	92.003022	0.000000	1	1.464006
3065	3405.479206	2127.899246	2249.405610	0.222220	0.952029	112.402280	0.224446	0	1.683661
3610	3038.569393	1800.927151	2212.707147	0.222663	1.085513	49.025999	0.000000	0	1.545491
2786	2763.991795	1198.521580	2379.264267	0.222805	0.978610	47.684831	0.000000	1	2.957631
2559	3066.539839	2406.605948	2473.070858	0.223041	0.754683	47.934587	0.000000	1	1.386110
1055	3214.989808	2309.911373	2079.821941	0.223107	0.990754	52.417444	0.000000	1	1.436157
828	3088.884686	2370.820421	1915.248886	0.223273	1.441703	68.693508	0.000000	0	1.653096
2131	3092.005744	1129.341650	2041.303913	0.223877	1.058058	56.172346	0.000000	0	1.595565
616	3163.183148	2052.514997	2008.972004	0.224543	1.177373	61.940278	0.000000	0	1.629570
593	2987.372355	1454.607503	1913.331258	0.224582	1.076162	41.739549	0.000000	0	1.347680
1095	3026.364514	1531.281673	1891.414785	0.224828	1.103251	44.905841	0.000000	0	1.216454
2966	3397.363511	1616.266977	1985.024919	0.225341	1.145641	79.501760	0.000000	0	1.277764
3049	3424.481053	1612.094451	2239.341083	0.226316	0.942769	60.636658	0.000000	0	1.342213
522	2948.237227	2567.816102	1949.776747	0.227069	0.974840	38.710454	0.000000	1	1.359724
648	3109.315690	2651.965509	1986.727338	0.228064	0.982824	36.752031	0.000000	1	1.857647
392	3241.531401	2286.558318	1846.693876	0.228514	1.285833	48.051899	0.000000	1	1.475140
3199	2960.645170	1979.260929	2314.102850	0.229000	1.727444	28.298239	0.000000	1	1.608258
3062	3103.891818	2097.213196	2196.316558	0.229019	0.953202	46.697213	0.000000	1	1.604974
2318	2988.250419	2310.544317	2122.778291	0.230964	1.130201	38.973258	0.000000	1	1.319294
3053	3127.849481	1788.068043	2160.682364	0.231312	1.188570	55.108704	0.000000	1	1.123147
894	3375.645945	1955.180262	1967.487992	0.232059	1.092616	55.355799	0.000000	1	1.512874
2485	2895.565680	2289.810672	2344.506465	0.232074	1.072503	34.283153	0.000000	1	1.094774
269	3382.761635	1952.123399	1783.371803	0.232611	1.237198	71.965672	0.000000	0	1.652096
2183	2977.382196	1203.904108	2024.178091	0.232917	1.120380	60.678483	0.000000	0	1.275622
696	3149.992429	1985.320208	1859.254393	0.233100	0.920293	38.217075	0.000000	0	1.388603
1086	3360.923603	1535.383346	1925.980037	0.234117	1.288489	46.833856	0.000000	0	1.899204
547	3320.727818	1390.811508	1946.492335	0.235124	1.025631	37.270794	0.000000	0	1.241926
3132	2968.287736	2231.502871	2531.477480	0.235158	1.173450	32.624065	0.000000	0	1.277546
2352	2973.689884	2481.192786	2367.000519	0.235233	1.077059	43.273566	0.000000	0	1.284925
4547	2804.562433	2400.625668	2407.141083	0.235335	1.174168	47.396075	0.000000	0	1.294427
962	3200.503817	1011.570935	1887.263104	0.235417	1.140250	65.321620	0.000000	0	1.686129
2383	2982.885265	2257.116848	2168.372807	0.235626	1.289677	41.615699	0.000000	0	1.498080
2447	2835.000098	2343.944236	2187.998445	0.235784	1.086045	35.528202	0.000000	0	1.112875
2152	3114.061191	1163.118512	1998.283375	0.235929	1.254384	53.343675	0.000000	0	1.458190
2146	3079.234089	1344.024403	1995.838177	0.237426	1.121655	47.733516	0.000000	0	1.259343
2308	2953.925949	1199.512932	2249.583778	0.237620	0.788386	31.781330	0.000000	0	1.054238
501	2996.043296	2203.219618	2059.535720	0.238523	1.357040	53.568872	0.000000	0	1.370895
965	2942.049014	1359.997888	1899.958427	0.238579	1.160236	41.057504	0.000000	0	1.360235
647	2878.469335	2499.426471	1943.668164	0.239300	0.997276	28.903194	0.000000	0	1.717508
2503	3352.877073	2217.892274	2122.393975	0.240137	0.923756	62.204907	0.000000	0	1.503844
3098	3099.339160	1806.981436	2170.655529	0.240140	1.066357	29.907567	0.000000	0	1.084137
1188	3195.264752	2708.533583	1568.566090	0.240238	1.178982	90.575294	0.000000	1	1.620028
4339	2925.232721	1458.358872	2231.540547	0.240392	1.491060	58.657031	0.000000	1	1.363975
750	2990.657635	2086.790068	1820.763411	0.240579	1.058122	52.388225	0.000000	1	1.692998
2111	2979.916302	1346.839232	2108.224045	0.241251	0.816049	36.781456	0.000000	1	1.353237
4248	3144.076844	2056.077530	2439.629725	0.241391	1.039426	53.771124	0.000000	1	1.532994
51	3278.841584	945.441089	1996.239753	0.241432	1.193558	66.995575	0.000000	1	1.782745
2548	3169.466446	2169.425836	2242.792662	0.241587	1.153406	64.203083	0.000000	0	1.327624
2379	3033.563592	2458.746719	2415.821182	0.241641	1.158780	38.147511	0.000000	0	1.498602
2293	3058.563363	1073.360317	2299.077047	0.241932	1.034602	50.122305	0.000000	1	1.618582
2591	3213.834651	1091.499243	2471.284375	0.242277	0.889149	62.576909	0.000000	1	1.802536
2411	3117.671417	2373.980080	2256.050421	0.242442	1.156009	45.029691	0.000000	1	1.237885
78	3088.301053	878.117974	1944.272706	0.242759	1.092390	57.172436	0.000000	1	1.518695
2965	3225.129909	1427.919242	2088.747088	0.242845	0.961466	36.576521	0.000000	1	1.380808
85	2724.400031	1014.195960	1953.421147	0.243171	1.042634	38.066573	0.000000	1	1.864231
4336	2826.522956	2399.385954	2466.707565	0.243268	1.165274	44.117780	0.000000	1	1.649591
1231	3077.385344	2234.429424	1752.839718	0.244607	0.871948	33.123578	0.000000	1	1.259277
240	2960.028914	1295.815084	1775.695597	0.244705	1.034827	50.920612	0.000000	1	1.329037
2107	3070.115542	1092.995242	2147.466530	0.244747	1.389554	39.796160	0.000000	1	1.459204
1669	2928.257390	2702.461866	1730.802468	0.244797	1.062921	52.083875	0.000000	1	1.378908
2510	3040.984900	2399.050765	2407.361722	0.245263	0.889087	32.885865	0.000000	1	1.307655
2076	3170.143316	1038.128787	1995.410376	0.246143	0.919790	66.860936	0.000000	0	1.405019
2547	3082.707132	2132.571847	2174.473252	0.247229	1.437493	37.412060	0.000000	0	1.228082
639	2952.992808	2501.687068	1950.198202	0.247282	1.432673	28.185987	0.000000	0	1.264062
3972	3334.818258	1429.332857	2014.922569	0.247772	1.129218	42.804198	0.000000	0	1.556811
5331	3039.483113	919.483632	1842.620370	0.247936	0.853221	58.848860	0.000000	0	1.521867
2424	3019.269772	2251.209777	2243.214976	0.248081	0.922848	33.186732	0.000000	0	1.009611
4260	3069.212302	2037.559180	2433.080623	0.248260	1.158725	28.987994	0.000000	0	1.836716
2102	3100.543775	1176.218728	2141.946565	0.248345	1.186975	50.919227	0.000000	0	1.257590
2435	3096.937614	2479.098735	2355.209855	0.248486	0.949678	29.766113	0.000000	0	1.066298
350	3454.848584	1555.577337	1762.919368	0.248686	0.934680	71.114997	0.000000	1	1.562257
2071	3156.172232	1402.251749	1952.653689	0.249214	1.153787	43.505537	0.000000	1	1.476302
3061	3244.379847	2064.963100	2186.833406	0.249223	1.186697	57.228521	0.000000	1	1.258567
972	3112.588750	1206.042248	1904.331556	0.249230	0.937648	35.311240	0.000000	1	1.368153
2997	3013.035282	1640.164366	1957.645070	0.249783	1.145179	49.129636	0.000000	1	1.192180
525	3174.229019	2488.948625	1985.691626	0.250092	1.167883	42.985994	0.000000	1	1.242592
933	3291.762570	2432.187314	1951.923287	0.250521	1.031009	69.470722	0.000000	1	1.669152
3984	3265.017700	1747.471687	2068.674208	0.250771	0.740859	29.693230	0.000000	1	1.040720
120	3118.013532	913.741743	1998.463705	0.251405	1.064122	64.526448	0.000000	1	1.549805
1564	3126.518178	1230.566215	1760.540785	0.251760	1.211380	32.731153	0.000000	1	1.556035
2540	2978.189123	2091.243650	2223.975678	0.252098	1.002855	30.991264	0.000000	1	1.089782
4450	2794.817238	2246.309824	2392.956896	0.252157	1.190176	46.505861	0.000000	1	1.168602
801	3101.600587	1728.613341	1862.975591	0.253100	1.502781	34.743498	0.000000	1	1.575106
3313	3299.035385	1611.802879	2008.838682	0.253171	0.854173	35.956125	0.000000	1	1.103857
3319	3259.599195	1614.029141	2009.297410	0.253309	0.978932	38.248922	0.000000	1	1.103255
1126	3417.722241	2323.413555	1838.996513	0.253731	1.052983	75.665726	0.000000	1	1.436067
4602	3038.642912	1610.203458	2277.133514	0.254291	1.451450	44.797409	0.000000	1	1.530808
3789	3384.671010	1873.213904	2106.636553	0.254686	0.898527	68.718129	0.000000	0	1.185112
995	2874.705891	2363.035702	1973.429841	0.254971	1.250655	59.206521	0.000000	1	1.732175
2078	2927.883902	1195.494613	1959.595015	0.255367	1.230606	47.424640	0.000000	1	1.677326
342	3267.277027	1204.580738	1836.364066	0.256284	1.201514	58.757985	0.000000	0	1.683665
1746	2865.231194	2619.311806	1706.471816	0.256312	1.120069	33.545571	0.000000	0	1.524192
717	3403.937010	1617.612969	1869.613206	0.256589	1.147377	82.112912	0.000000	0	1.439139
2482	3055.687605	2507.734085	2351.273871	0.257193	0.974316	24.634200	0.000000	0	1.104769
2501	3230.564792	2145.336772	2087.504963	0.257200	1.127555	38.727363	0.000000	0	1.439170
463	2999.713932	2170.601471	1802.634497	0.257513	1.150844	35.074166	0.000000	0	1.285711
952	3234.488879	2651.934554	1972.489198	0.257876	0.997886	76.342871	0.000000	0	1.801557
2993	2954.654826	2086.173008	2087.694578	0.257989	1.155776	40.125664	0.000000	0	1.168634
983	3232.742757	1073.795010	1908.848574	0.258074	1.153089	53.677175	0.000000	0	1.396068
4065	3328.740538	1568.585614	2399.424524	0.258413	1.333087	66.251084	0.000000	0	1.690145
2418	2864.341428	2402.286021	2181.043478	0.258536	0.953916	22.409242	0.000000	0	1.300855
448	3077.769945	2586.853989	1833.600261	0.258928	1.249417	49.222557	0.000000	0	1.410261
235	2899.437107	1213.604432	1800.555590	0.259634	1.335828	39.538228	0.000000	0	1.555254
3306	3212.873465	1742.675107	1989.431426	0.259881	0.803268	25.118895	0.000000	0	1.143759
2506	3145.898595	1209.512632	2332.494018	0.260332	0.826651	47.053222	0.000000	0	1.144189
855	2843.242690	2504.708263	1899.595249	0.260437	1.416947	37.503557	0.000000	0	1.325472
244	2983.505705	1436.760520	1775.823846	0.261002	0.817542	34.116184	0.000000	0	1.201510
744	3506.582825	1746.048934	1904.219393	0.261190	0.994850	81.698310	0.000000	0	1.402521
2955	3106.841157	1255.341844	2313.801963	0.261347	1.054635	36.166940	0.000000	0	1.139746
534	3170.647142	2552.941082	2013.749361	0.261758	1.069025	49.882891	0.000000	0	1.185107
3059	3233.485495	1892.846258	2190.181850	0.262208	1.005600	41.334644	0.000000	0	1.064267
1679	3011.241922	2498.907116	1763.998704	0.262846	1.393283	34.954037	0.000000	0	1.403638
579	3444.325744	2259.090059	1987.943258	0.263770	0.728062	56.107066	0.000000	0	1.326804
1032	3068.625231	1913.953613	2032.616133	0.264285	1.348930	46.041597	0.000000	0	1.570818
1818	3363.290690	1736.858813	1766.617597	0.264450	1.034715	49.762183	0.000000	1	1.339952
3365	3310.052132	1653.630717	2054.467008	0.264734	0.949816	46.850130	0.000000	1	1.086715
3099	3328.521024	1962.609977	2234.180540	0.265254	0.791825	46.885672	0.000000	1	1.232262
2338	3042.470755	2195.085117	2228.548169	0.265514	0.913104	29.641342	0.000000	1	1.003334
4298	3157.505773	1871.483834	2278.980778	0.265575	1.010750	36.876639	0.000000	1	1.439898
299	2783.198721	929.273945	1798.082795	0.265800	1.096176	35.094223	0.000000	1	1.691356
1966	3267.458141	1437.858504	1748.691109	0.266016	1.161043	60.021913	0.000000	0	1.429966
4326	2743.269428	2353.527534	2388.131589	0.266229	1.124571	50.359621	0.000000	0	1.304942
3050	3296.095380	1423.821061	2190.655209	0.267115	1.049197	54.478568	0.000000	0	1.322692
1043	3100.127725	2419.746721	2041.198429	0.267275	1.255068	44.786080	0.000000	0	1.267781
4256	3032.825853	2055.406145	2411.738429	0.267408	1.504266	33.325524	0.000000	0	1.339708
2397	3082.769385	2196.611143	2222.247511	0.269337	0.988256	28.070334	0.000000	0	1.190836
363	3073.879289	2957.446342	1761.298734	0.269532	1.069697	68.775782	0.000000	0	1.444563
4284	3036.115645	1491.166990	2160.591440	0.270008	1.163927	48.763201	0.000000	0	1.061133
596	3138.570242	1359.534474	1938.753932	0.270636	0.932425	35.478278	0.000000	0	1.228673
4654	3077.564113	1389.036177	2318.038676	0.271667	1.264691	36.118269	0.000000	0	1.071406
4132	3312.137966	1487.946566	2310.733945	0.271888	1.081690	61.614054	0.000000	0	1.220579
3798	3303.690563	1961.458490	2122.438696	0.273043	1.174064	39.701795	0.000000	0	1.238176
1822	3130.048922	1943.846403	1763.242026	0.273201	0.940287	27.379769	0.000000	0	1.522514
2122	3228.010739	1248.550890	2179.778847	0.274118	1.102302	60.111813	0.000000	0	1.307483
470	3220.137179	2215.588029	1791.790508	0.274786	0.923264	43.793131	0.000000	0	1.341266
2155	3055.188534	1219.608472	2170.498245	0.275636	0.979487	31.504428	0.000000	0	1.146926
3614	3188.918382	2057.836387	2236.479037	0.276399	0.956808	41.072838	0.000000	0	1.232421
670	3417.631931	1996.108288	1898.044006	0.276503	1.502560	59.959655	0.000000	0	1.896224
987	2899.451180	1267.266640	1917.603385	0.276779	1.133092	38.562657	0.000000	0	1.200889
566	3000.934112	1248.578849	1937.613151	0.276826	1.038570	36.781008	0.000000	0	1.093744
4128	2873.020518	2055.806416	2299.021985	0.276941	1.272795	37.545934	0.000000	0	1.648324
286	3473.828526	1650.459827	1787.827940	0.277185	1.082373	82.434481	0.000000	1	1.798766
2580	2898.571407	1252.289362	2336.299270	0.277206	0.771799	27.832110	0.000000	1	1.100172
2150	3329.217799	1265.719144	2027.423976	0.277293	1.259575	58.223021	0.000000	1	1.600557
3013	3196.603552	2455.550463	2577.786077	0.277570	0.869415	63.373281	0.000000	1	1.349589
2085	3275.611363	1341.491609	2183.177930	0.277902	1.337932	50.228059	0.000000	1	1.399564
3314	3229.390143	1534.001097	1994.015901	0.277981	0.996552	36.854444	0.000000	1	1.079944
1020	2925.229171	2239.645640	2057.439798	0.278638	1.389853	46.003756	0.000000	1	1.372978
831	3334.533661	1998.573182	1931.156918	0.279309	1.055525	41.227891	0.000000	1	1.113399
2096	2938.166890	1191.426889	2099.199837	0.279376	1.778905	30.414726	0.000000	1	1.500712
1089	3280.942492	1483.321109	1929.620222	0.279825	1.060233	37.333622	0.000000	1	1.348092
560	3269.673620	1885.238001	1979.660831	0.280693	1.139918	29.343518	0.000000	1	1.071807
2080	3183.555116	1062.942592	1986.188199	0.280884	1.196881	51.116970	0.000000	1	1.244830
669	3272.618621	2092.920248	1926.777172	0.281405	1.262937	49.304516	0.000000	1	1.022660
4150	3020.702152	1973.403739	2264.960279	0.281917	1.207192	41.255025	0.000000	1	1.144477
2457	3132.974542	2437.690190	2293.147170	0.281985	1.178890	58.594753	0.000000	1	1.175734
689	2791.228321	2531.928737	1878.228020	0.282334	1.225746	33.848160	0.000000	1	1.643650
2545	3058.180278	2120.721694	2072.578435	0.282578	1.442356	47.638032	0.000000	0	1.237922
4295	3291.254991	1968.041391	2316.505465	0.282709	1.352871	46.003025	0.000000	0	1.329206
4008	3082.305997	1669.439351	2097.309822	0.282999	1.118470	44.357215	0.000000	0	1.156500
2154	2851.958947	1243.061108	2130.439046	0.283221	1.210038	44.072429	0.000000	0	1.345842
247	3214.895833	1666.699554	1798.767378	0.283929	1.432806	31.359239	0.000000	0	1.064671
4843	3088.571725	2274.222735	2664.351716	0.284299	1.784092	36.455697	0.000000	0	2.502307
997	3075.754628	2191.460152	2024.224494	0.284407	1.429879	33.638602	0.000000	0	1.398893
1127	3138.375260	2239.978983	1825.386909	0.284452	0.974697	49.315622	0.000000	1	1.341727
4613	3210.020574	1569.093544	2343.705257	0.284770	1.703801	34.197471	0.000000	1	1.498032
1008	2908.567214	2293.391211	2054.573937	0.284991	1.081011	42.050200	0.000000	1	1.364393
787	2813.421622	2602.968384	1842.813744	0.285005	1.617550	32.490359	0.000000	1	1.255812
2928	2775.711769	1310.990501	2326.910605	0.285007	1.259386	30.844127	0.000000	1	1.911773
1590	3249.007327	1625.262461	1756.138618	0.285264	1.576613	37.009809	0.000000	1	1.544224
3415	3059.666045	1637.537285	2068.119439	0.285426	1.404995	32.154058	0.000000	1	1.101974
358	3179.452840	2322.326387	1788.566851	0.285521	1.335375	35.467870	0.000000	1	1.220413
3797	3234.108502	1716.468562	2115.600135	0.285962	0.956186	24.925537	0.000000	1	1.069552
3973	3340.253837	1601.789920	2031.166128	0.286069	1.294638	40.302471	0.000000	1	1.006515
3617	3186.432090	1718.602905	2251.256115	0.286118	0.956230	41.125432	0.000000	0	1.093684
764	2895.986586	2584.622005	1827.942894	0.286260	1.045072	39.045456	0.000000	0	1.287041
2440	3081.658752	2195.454199	2332.133081	0.286661	0.972647	30.133368	0.000000	0	1.050235
3825	2905.903087	2504.714420	2543.964127	0.286789	0.743475	26.185398	0.000000	0	1.685676
324	3004.298809	787.537391	1783.992348	0.287160	1.033529	33.594563	0.000000	0	1.395965
4283	2900.833649	2262.712947	2418.006427	0.287205	0.850932	27.538913	0.000000	0	1.002543
349	3026.257554	1591.810932	1812.630476	0.287506	1.085210	45.464410	0.000000	0	1.062793
2979	2914.701613	2485.209280	2471.191561	0.287579	1.131805	35.949343	0.000000	0	1.370161
2205	3097.833123	1267.146561	2023.609870	0.287610	1.499093	43.773096	0.000000	0	1.306915
4306	3078.161436	1788.843482	2267.086264	0.287856	1.721944	39.244319	0.000000	0	1.272247
1593	3336.590192	2023.691169	1766.275142	0.288092	1.416754	45.061930	0.000000	0	1.126996
372	3372.539835	2101.117511	1773.860308	0.288140	1.094587	55.011118	0.000000	0	1.493661
256	2940.473914	2519.909390	1822.531645	0.288709	0.961741	24.643731	0.000000	0	1.126063
4255	3173.224859	2066.635459	2492.385191	0.289230	1.278529	46.465212	0.000000	1	1.607679
3974	3488.356778	1828.154960	2067.110232	0.289348	1.121000	61.460929	0.000000	1	1.654372
3317	3317.262707	1699.042650	2008.245205	0.290511	0.782931	28.572890	0.000000	1	1.164306
4130	3197.663431	2048.294284	2298.216260	0.290984	1.032902	43.100940	0.000000	1	1.149920
737	3035.990789	2062.864993	1884.136511	0.291765	1.189058	29.279238	0.000000	1	1.187308
4304	3254.673216	1782.564026	2331.876155	0.291938	1.136156	33.051020	0.000000	1	1.254781
2459	3010.016500	2255.165276	2285.166654	0.292366	1.419541	32.716740	0.000000	1	1.178073
3794	3014.560399	1932.503395	2058.748914	0.292730	1.470000	32.198855	0.000000	1	1.021414
4452	2894.576776	2379.957990	2424.249986	0.293145	1.388010	29.374139	0.000000	1	1.023627
2251	3138.011686	1187.219985	2211.721870	0.293403	1.228531	57.159794	0.000000	0	1.531571
3806	3359.080839	2024.812407	2138.777124	0.293977	1.134884	62.145463	0.000000	0	1.362431
70	2842.340176	1151.871492	1922.906277	0.294120	1.097481	39.215385	0.000000	0	1.208150
307	3233.851802	1449.142788	1830.062866	0.294176	1.466588	33.312313	0.000000	0	1.049071
3414	3385.522076	1561.175166	2135.000943	0.294235	1.190923	66.991664	0.000000	0	1.334762
1947	3121.292396	1284.034971	1760.373766	0.294329	0.994591	28.228664	0.000000	0	1.281062
1839	3262.473716	2135.373057	1783.106030	0.295042	1.379579	43.251932	0.000000	0	1.261380
2072	3262.867004	1352.664667	1968.739476	0.295293	1.031073	43.891758	0.000000	0	1.117556
728	2973.645016	1266.675405	1875.610371	0.295781	1.154428	45.304342	0.000000	0	1.359895
2981	3253.260535	1970.535976	2067.427138	0.295827	1.291983	35.458773	0.000000	0	1.115607
683	2798.175330	2712.926279	1856.021938	0.295835	1.081329	29.874005	0.000000	0	1.161559
2204	3079.274930	1333.827984	2030.742618	0.295931	1.264487	32.066383	0.000000	0	1.184650
2129	3105.649206	1230.438051	2126.591280	0.296423	1.205990	50.148792	0.000000	0	1.308299
4347	2888.430308	1452.751150	2251.754276	0.296755	1.159849	44.132078	0.000000	1	1.496328
2230	2880.552976	1295.169833	2092.469703	0.297250	1.131020	30.555379	0.000000	1	1.177050
285	3105.319040	1637.036401	1778.294033	0.297910	1.520497	41.827106	0.000000	1	1.640923
1587	3254.226292	1370.575069	1756.766452	0.298001	1.091162	35.913587	0.000000	1	1.409999
2324	2948.179614	2411.915612	2133.294140	0.298013	1.375098	33.861456	0.000000	1	1.427697
45	3070.459138	989.790618	1972.643707	0.298164	0.988259	39.489647	0.000000	1	1.132152
533	3084.541408	2480.165355	2007.586723	0.298237	1.461930	40.871267	0.000000	1	1.201967
2219	2969.121240	1272.039470	1991.025204	0.298333	1.084990	29.612500	0.000000	1	1.118244
978	3297.151927	1034.781172	1924.778996	0.298341	1.112804	55.743733	0.000000	1	1.407056
2403	3281.357372	2389.131485	2274.912488	0.298420	0.799249	47.173815	0.000000	1	1.174550
2526	3127.584467	2404.345002	2492.669808	0.298708	1.023788	36.550816	0.000000	1	1.064407
2537	3041.507476	1099.300729	2343.072085	0.298843	0.927209	38.533033	0.000000	1	1.228941
2201	2961.727504	1440.550638	1977.779573	0.298919	1.205223	34.169710	0.000000	1	1.388920
3046	3085.552740	1698.942988	2153.062942	0.298985	1.066534	29.442159	0.000000	1	1.027956
2446	3216.797133	2397.070063	2330.628064	0.299108	0.992547	48.904734	0.000000	1	1.055626
911	3099.475611	2480.572448	1938.406040	0.299164	1.290983	32.449232	0.000000	1	1.021030
2516	3271.087234	2288.068994	2485.494499	0.299267	0.882368	44.634350	0.000000	1	1.196405
555	3217.566285	1801.262559	1984.380448	0.299749	1.199523	41.031336	0.000000	1	1.224261
3100	3145.096914	1962.125878	2173.927754	0.300031	1.312964	30.625251	0.000000	1	1.070547
2319	3094.727641	2358.763780	2179.201965	0.300360	1.717157	37.008252	0.000000	1	1.329614
1686	3141.018470	2373.738808	1754.255401	0.300786	1.057134	27.685988	0.000000	1	1.217297
746	3320.921248	1928.285577	1911.647605	0.300888	1.122043	34.856165	0.000000	1	1.090890
820	2834.584142	2745.017353	1881.022902	0.300928	1.402416	34.922337	0.000000	1	1.152747
3781	3351.151834	1397.981965	2108.271184	0.301357	0.988556	53.131602	0.000000	1	1.179277
1829	3152.094350	1931.233338	1753.910323	0.301722	0.882995	24.876818	0.000000	1	1.108354
5313	3110.175911	1031.173691	1863.094974	0.302835	1.118289	46.876597	0.000000	0	1.268563
4049	3017.900679	2009.678932	2211.657603	0.304214	1.290822	37.675452	0.000000	0	1.336899
3639	2868.399850	2100.149458	2355.426419	0.304547	0.887330	26.575751	0.000000	0	1.521300
3783	3240.385894	1598.332789	2082.988929	0.305149	1.224030	33.089311	0.000000	0	1.084920
1621	2900.993754	2652.252106	1769.692298	0.305195	0.816203	27.945252	0.000000	0	1.314500
231	3028.916570	923.918253	1777.949670	0.305568	1.172412	43.733091	0.000000	0	1.286982
2970	3424.196235	1550.848075	1999.429281	0.305574	1.040901	62.709091	0.000000	0	1.079998
1824	3310.252744	2088.732307	1759.319662	0.306053	1.224217	41.240444	0.000000	0	1.360944
2450	3207.739541	2295.934280	2319.467991	0.306079	0.999615	39.346056	0.000000	0	1.087414
354	3470.669560	1889.593242	1779.354309	0.306237	1.233415	66.651200	0.000000	0	1.594206
4299	3118.141071	1880.374298	2292.457244	0.306251	0.948187	27.770323	0.000000	0	1.149248
3042	2955.348567	1571.981813	2085.006120	0.306550	1.807669	49.885831	0.000000	0	1.161620
2184	3016.845097	1173.917046	2008.418105	0.306650	1.037135	30.211835	0.000000	0	1.011360
384	2917.999513	2762.291567	1800.455032	0.306719	1.529692	25.058601	0.000000	0	1.089070
2926	3077.343868	1118.120511	2501.105000	0.306985	1.017594	49.230624	0.000000	0	1.218949
4348	3050.556772	1302.343270	2301.695495	0.307534	1.006569	30.529413	0.000000	0	1.263034
2535	2889.713872	1276.096564	2316.376647	0.307614	0.866933	18.763703	0.000000	0	1.010233
1097	3456.802465	1555.951847	1991.074516	0.307826	1.049650	55.324104	0.000000	0	1.202945
3334	3290.916824	1587.841284	2121.480014	0.307877	1.102315	42.723456	0.000000	0	1.314998
2492	2773.652493	2343.952939	2326.070583	0.308347	0.713140	30.307536	0.000000	0	1.023132
2120	3009.387649	1124.411437	2109.589899	0.308450	0.658146	29.545774	0.000000	0	1.190385
1691	2929.569352	2353.662527	1783.682839	0.308979	0.930790	29.351035	0.000000	0	1.116701
2421	3162.576393	2473.390125	2315.269558	0.309733	1.229447	43.925750	0.000000	0	1.237170
1964	3308.293906	1290.550543	1769.447040	0.309916	1.132979	42.165111	0.000000	0	1.232037
4148	3351.780607	1934.487267	2379.902037	0.309969	1.174862	51.833365	0.000000	0	1.590310
1708	2890.294781	2648.953306	1671.376418	0.310040	0.937734	28.743185	0.000000	0	1.082099
477	2940.579647	2429.749109	2103.670871	0.310686	1.848534	28.447984	0.000000	0	1.094013
2996	3391.372886	1395.304009	1962.396476	0.310736	1.127749	41.275410	0.000000	0	1.190364
2553	3022.362587	2311.867057	2431.481399	0.310738	0.986621	37.318325	0.000000	0	1.088646
3001	3436.587894	2054.046823	2081.787000	0.311128	1.037902	46.968352	0.000000	0	1.193003
348	2995.489125	1556.540725	1801.077174	0.311380	1.099072	37.638815	0.000000	0	1.163916
1558	3127.948997	961.249630	1748.721663	0.311568	1.236923	49.440926	0.000000	0	1.618245
587	3110.672716	2204.754815	1997.497068	0.312674	1.205082	23.380858	0.000000	0	1.183255
720	3301.200648	1468.310510	1892.683515	0.312688	1.666893	29.964619	0.000000	0	1.113374
287	3437.270075	1824.363944	1773.817541	0.312785	0.968363	49.428738	0.000000	0	1.507868
242	3277.473135	1270.616031	1770.077763	0.313100	0.873428	43.339478	0.000000	0	1.147086
782	3222.095673	2605.738283	1863.751823	0.313125	0.996317	54.429210	0.000000	0	1.303615
1072	3286.018569	2268.199404	2146.222910	0.314867	1.325359	43.578605	0.000000	0	1.367746
1128	3345.703105	2339.963923	1874.459460	0.315026	0.913702	43.589767	0.000000	0	1.139245
604	3194.438836	2340.236787	1943.630028	0.315103	1.186945	34.473275	0.000000	0	1.144419
2325	3254.209449	2554.959687	2205.838471	0.315370	1.003216	59.708964	0.000000	1	1.636492
2257	2968.034819	1438.907304	2165.795576	0.315885	1.128924	33.223613	0.000000	1	1.072864
1599	3229.467420	2360.593123	1748.784279	0.316124	1.258324	49.418236	0.000000	1	1.228795
1212	2994.754641	2628.308534	1594.373820	0.316172	1.306386	34.759612	0.000000	1	1.213226
2265	3273.632886	1136.704056	2348.238191	0.316541	1.049097	57.416177	0.000000	1	1.477023
3808	3305.758294	1844.235036	2176.116795	0.316729	1.022619	39.659849	0.000000	1	1.185033
362	3193.604120	2627.248692	1793.302640	0.317051	1.273560	58.545814	0.000000	1	1.315399
103	2932.812779	1033.910067	2021.005821	0.317200	0.964624	37.921330	0.000000	1	1.497015
784	2868.713554	2421.301296	1841.130390	0.317435	1.325190	50.029309	0.000000	1	1.276510
1611	3024.095613	1788.176626	1793.907209	0.317775	1.177831	38.838776	0.000000	1	1.463117
686	2933.632487	2415.434251	1875.336574	0.317927	1.296307	37.378825	0.000000	1	1.126473
486	3102.683174	2307.076825	2137.461931	0.318191	1.288898	34.193378	0.000000	0	1.244289
554	3502.492725	1894.739135	1976.809296	0.318669	0.964112	57.805431	0.000000	0	1.277746
4046	3312.483076	1700.806948	2319.183652	0.318670	1.382827	34.794193	0.000000	0	1.100891
1696	2890.102087	1107.481333	1762.890699	0.318820	1.108736	26.466969	0.000000	0	1.454768
2787	2841.963007	1155.482031	2443.079029	0.319014	1.026780	35.333647	0.000000	0	1.548712
3067	3053.806565	1673.412391	2144.659522	0.319493	1.402412	35.495888	0.000000	0	1.216298
441	3107.149758	866.113831	1848.174253	0.319521	0.897583	37.503850	0.000000	0	1.146526
2119	3345.069918	1355.136018	2176.302203	0.319531	1.342449	56.516249	0.000000	0	1.357305
799	3463.333694	1391.080627	1883.077917	0.319542	0.802154	34.387522	0.000000	0	1.145794
1252	2990.183023	2548.074745	1751.792175	0.320883	1.367257	29.847944	0.000000	0	1.111230
274	2936.368247	1380.379180	1790.313558	0.321832	0.516425	24.992313	0.000000	0	1.027025
3048	2983.866359	1685.094828	2128.446002	0.322359	1.339443	46.503894	0.000000	0	1.303559
714	2989.324742	1478.360977	1834.669148	0.323280	1.105900	31.282586	0.000000	0	1.177656
1091	3160.855433	1633.986889	1915.261702	0.323285	1.575391	23.279722	0.000000	0	1.061169
2498	3093.501305	2150.416334	2156.406195	0.323702	1.546098	31.576950	0.000000	0	1.046168
2203	3367.547238	1233.801652	2060.733229	0.323838	0.947838	54.386091	0.000000	0	1.273171
620	3101.092643	2067.865321	1990.580408	0.323930	1.102436	31.826053	0.000000	0	1.656917
1606	3328.104831	1105.743652	1764.942150	0.324491	1.083591	69.143115	0.000000	0	1.240458
1037	2926.548289	2321.019737	2002.944891	0.324531	1.280849	33.342415	0.000000	0	1.105905
3619	3281.149095	1757.027201	2285.053826	0.324986	0.808979	29.467036	0.000000	0	1.051840
2404	2924.508213	2311.139866	2147.008005	0.325776	1.020454	33.662106	0.000000	0	1.171901
2266	2808.149559	1234.833561	2134.062350	0.326341	1.058449	26.148094	0.000000	0	1.446094
716	3144.956740	1642.746352	1862.151091	0.326616	1.388011	34.133425	0.000000	0	1.190110
3045	3262.293984	1600.662676	2195.607874	0.326967	1.108701	38.374709	0.000000	0	1.049851
613	3404.828644	2336.595730	2024.521456	0.327108	0.884548	57.295530	0.000000	0	1.209011
713	2908.817942	1293.863689	1865.949527	0.327200	1.137579	33.604103	0.000000	0	1.161506
1974	2845.905128	2444.924191	1770.974039	0.327570	1.402134	32.103529	0.000000	0	1.086921
421	3146.129694	1525.493305	1823.593102	0.327628	1.431916	27.233441	0.000000	0	1.069926
1006	3140.846899	2439.783428	2068.460334	0.327664	1.231806	35.721166	0.000000	0	1.298669
4005	3232.203344	2049.769288	2112.550402	0.328150	1.274970	51.182438	0.000000	0	1.308560
2550	3280.448821	2207.625529	2450.168305	0.328364	0.988043	55.848818	0.000000	0	1.178274
1946	3276.192767	1207.985339	1755.576227	0.328446	1.048709	41.054018	0.000000	0	1.741631
2969	3439.617611	1394.251791	2070.572450	0.328549	1.231346	73.055030	0.000000	1	1.465918
1012	3219.355090	2366.107251	2148.718233	0.328937	1.374937	54.323991	0.000000	0	1.347978
2875	3030.517877	1004.560141	2575.355292	0.329058	0.837224	28.197389	0.000000	0	2.054932
1570	3166.111327	1637.470176	1749.293451	0.330329	1.941902	26.073674	0.000000	0	1.404818
2990	3340.635486	2080.693596	2073.945550	0.330847	1.315537	44.490566	0.000000	0	1.304703
327	2871.979189	1152.751451	1809.466252	0.330851	1.200916	34.429082	0.000000	0	1.121295
1610	3176.993713	1698.303474	1756.135550	0.331560	1.658306	35.262596	0.000000	0	1.169506
1604	2966.699462	2842.563495	1779.536912	0.332094	1.675690	48.216167	0.000000	0	1.424134
1098	3415.455990	1338.090081	1995.310428	0.332217	1.416123	58.179367	0.000000	0	1.720782
921	2952.680617	2291.723964	1903.103830	0.332429	1.391944	36.586955	0.000000	0	1.242350
26	3177.749682	915.344117	1948.876904	0.332945	1.484825	48.916892	0.000000	0	1.445406
1617	3128.381933	2127.651591	1766.266934	0.333108	1.266070	24.487274	0.000000	0	1.344794
380	3248.016155	1747.315432	1809.160251	0.333322	1.439747	46.177126	0.000000	0	1.342052
2218	3209.471506	1127.798872	2049.881498	0.333359	1.247390	44.797350	0.000000	0	1.514468
129	3146.256266	1007.610048	2052.826539	0.333398	1.151322	38.391085	0.000000	0	1.384565
428	3457.330914	2029.867333	1772.301366	0.333805	1.475959	58.096990	0.000000	0	1.269132
302	3035.352407	862.902629	1819.456476	0.334058	0.971379	44.809913	0.000000	0	1.072150
1355	2886.752300	2823.160911	1776.544907	0.334956	1.063247	31.299168	0.000000	0	1.090130
92	2945.661371	832.245021	1982.513818	0.335421	1.101353	33.008498	0.000000	0	1.099713
1605	2863.954963	1219.881999	1773.472110	0.335673	0.996628	34.610735	0.000000	0	1.231944
1601	3069.457289	2581.860906	1737.998127	0.335721	1.387623	33.783815	0.000000	0	1.529178
2199	3061.579442	1103.464595	2050.305869	0.335811	1.292733	36.260343	0.000000	0	1.080576
401	2962.993323	2237.390677	1782.919848	0.336172	1.036066	35.710900	0.000000	0	1.385904
2619	2928.740608	1204.647364	2343.785968	0.336320	0.759740	21.863649	0.000000	0	1.083166
1565	3162.580915	1331.174688	1763.881208	0.336672	1.160243	37.628406	0.000000	0	1.231811
2185	3131.174897	1134.355218	2019.345053	0.336760	1.122603	28.025444	0.000000	0	1.222038
2271	3093.637380	1089.219043	2261.080556	0.337524	1.464212	43.928813	0.000000	0	1.315386
4294	2969.126479	1869.493414	2217.248267	0.337854	1.191896	52.447462	0.000000	1	1.483980
1062	3013.712811	2460.093630	2064.902523	0.337924	1.281320	32.501152	0.000000	1	1.348681
2396	2958.341821	2438.291544	2176.495016	0.338525	1.158556	30.660806	0.000000	1	1.035608
592	3244.943282	1126.843753	1953.217121	0.339468	1.421431	41.122182	0.000000	1	1.071945
1251	2907.230366	2491.779625	1720.762940	0.340009	1.126599	27.176576	0.000000	1	1.039400
2400	2990.723287	2444.449786	2211.769991	0.341084	1.353779	28.758768	0.000000	1	1.269199
5067	3002.119334	2353.274094	2499.440312	0.341444	1.339692	37.132515	0.000000	1	1.162935
4296	3130.312635	1727.509292	2265.762508	0.341648	1.616956	38.169826	0.000000	1	1.436356
502	2952.834522	2189.144452	2097.255248	0.341660	1.165963	29.611135	0.000000	1	1.119720
906	2765.548180	2625.492463	1862.154281	0.341950	1.231266	25.643745	0.000000	1	1.123954
2497	3324.221536	2250.757623	2363.798455	0.342523	1.000447	44.249663	0.000000	1	1.064645
4297	3389.470014	1746.249870	2354.091235	0.342708	1.004702	55.838232	0.000000	1	1.504373
3080	3227.349719	1940.504845	2149.225315	0.343407	1.390800	37.611634	0.000000	1	1.129577
919	3052.643032	2127.111437	1931.308742	0.344316	1.080043	27.777796	0.000000	1	1.084341
308	3148.740180	1591.809523	1807.960967	0.345035	1.276410	29.273398	0.000000	1	1.037807
3988	3391.383423	1938.980626	2100.411421	0.345895	0.786814	36.426167	0.000000	1	1.083906
3000	3476.738580	1453.460053	2011.860101	0.346174	1.283915	39.079677	0.000000	1	1.315868
5334	3054.035994	820.303587	1839.357915	0.346236	0.841275	33.088263	0.000000	1	1.058062
851	3159.745046	2278.969261	1920.332064	0.347832	1.635105	46.334972	0.000000	1	1.141471
2340	2901.546792	2175.434281	2182.523235	0.348067	1.546806	32.084719	0.000000	1	1.196602
758	3045.625216	1791.545268	1861.781180	0.348215	1.205508	27.364025	0.000000	1	1.041696
50	3037.657808	832.323142	1992.607132	0.348321	1.327534	48.726257	0.000000	1	1.524366
2125	3241.125167	1302.393512	2281.778582	0.348701	1.287174	52.029343	0.000000	1	1.155618
2508	2819.083284	2207.319017	2323.121282	0.349755	1.352222	29.873725	0.000000	1	1.803034
595	3326.340722	1156.855883	1997.686023	0.349834	1.199834	68.181010	0.000000	1	1.262852
2210	3122.632861	1288.791081	2106.433130	0.350001	1.080080	33.243115	0.000000	1	1.130305
3784	3370.997160	1708.796536	2123.241351	0.350471	1.051442	49.043820	0.000000	1	1.178380
805	3187.428563	2309.783869	1899.558434	0.350599	1.265763	31.498801	0.000000	1	1.026030
1039	2954.660525	2408.822096	2000.785134	0.350898	1.827350	29.801330	0.000000	1	1.072546
854	3113.122395	2602.002071	1952.341313	0.351049	1.107134	40.576359	0.000000	1	1.365972
4300	3007.318952	1538.801199	2232.351581	0.351093	1.170707	20.844197	0.000000	1	1.051689
58	3121.828640	973.670200	1898.512198	0.351967	1.475962	37.002095	0.000000	1	1.105536
1068	3044.462908	2406.462857	2100.251439	0.352400	1.298530	32.602573	0.000000	1	1.003035
494	3054.087690	2451.252275	2132.872184	0.352643	1.376967	34.809108	0.000000	1	1.056413
456	2826.143890	930.310116	1838.797306	0.354159	1.112762	26.110875	0.000000	1	1.052177
2988	3448.431715	2074.539306	2069.277675	0.354579	1.035549	52.866071	0.000000	1	1.161592
325	2774.047142	972.862723	1777.663888	0.354737	1.619289	36.812384	0.000000	1	1.267310
368	3479.460559	1457.319423	1815.876801	0.356256	0.930372	45.733683	0.000000	1	1.237528
2211	3392.521988	1241.923365	2189.919477	0.356505	1.358125	48.727315	0.000000	1	1.237049
3057	3439.839364	2082.215847	2198.033571	0.356988	1.152623	34.982167	0.000000	1	1.066615
3305	3377.328913	1686.491997	2021.304944	0.357079	1.208127	52.221122	0.000000	1	1.269164
87	2829.454879	1108.158163	1983.401862	0.357303	1.311826	26.213365	0.000000	1	1.212889
3021	3102.862441	2148.090913	2424.742964	0.357657	1.352322	30.841677	0.000000	1	1.307704
827	3169.412980	2334.477445	1921.180424	0.358610	1.242835	32.595688	0.000000	1	1.228656
715	3125.204994	1583.219146	1850.504936	0.359056	0.987411	31.849284	0.000000	1	1.184294
897	3163.271896	1818.431101	1896.157205	0.359263	1.316997	37.368860	0.000000	1	1.115616
1092	3424.812134	1539.150246	1951.282976	0.359470	1.050031	35.550603	0.000000	1	1.186402
597	3159.138754	1077.502076	1949.702436	0.359662	0.873039	27.600167	0.000000	1	1.086557
440	2978.382116	967.963581	1823.880509	0.359857	0.875247	23.213218	0.000000	1	1.064120
3102	2996.755836	2232.866054	2451.504807	0.360031	1.332532	18.958968	0.000000	1	1.063288
246	3090.411345	1467.477567	1800.054088	0.360035	1.511495	29.115942	0.000000	1	1.146207
4022	3032.584520	1713.025671	2014.320318	0.360047	1.606282	39.910122	0.000000	1	1.060535
1124	3117.712681	2222.344798	1894.797682	0.360301	1.070174	26.873365	0.000000	1	1.295795
2086	3231.597915	1402.369177	2160.986273	0.360761	1.017322	43.124716	0.000000	1	1.011433
2563	2823.616260	2300.944804	2367.012737	0.360938	1.416216	30.092881	0.000000	1	1.153592
3983	3433.167981	1665.529896	2116.878310	0.361103	1.207516	46.991857	0.000000	1	1.199489
2499	3426.734509	2211.715679	2253.466690	0.361190	1.034477	49.377832	0.000000	1	1.477418
1136	2928.865096	2577.247857	1855.338116	0.361241	1.739392	34.333271	0.000000	1	1.371138
1232	3050.246325	2239.414970	1770.404068	0.362094	0.877955	23.122161	0.000000	1	1.069321
905	3024.080089	2326.238864	1894.213405	0.362214	0.831469	27.777741	0.000000	1	1.013074
2156	3196.516812	1180.249141	2195.985682	0.362430	1.636683	31.894174	0.000000	1	1.247348
4133	3040.904318	1543.740441	2236.572866	0.362492	1.061960	32.964770	0.000000	1	1.161381
736	3486.424542	2090.788906	1908.113404	0.363244	1.200864	46.688531	0.000000	1	1.264453
444	3140.842816	1302.055700	1829.893172	0.363838	1.648203	31.577547	0.000000	1	1.320656
2341	3168.102380	2242.781590	2298.383340	0.363955	1.845748	31.673152	0.000000	1	1.194047
4171	3251.094487	2091.452571	2433.912553	0.364269	1.311733	44.321204	0.000000	1	1.221271
4322	3108.927261	2503.373207	2576.669219	0.364671	1.131780	57.743376	0.000000	1	1.250442
698	3445.132667	2142.166363	1823.762073	0.365334	1.346479	71.657621	0.000000	1	1.222444
993	3048.725910	2371.953280	2025.702443	0.365524	1.738695	29.584306	0.000000	1	1.131006
924	2755.890330	2573.358517	1886.667184	0.366970	1.140224	26.623794	0.000000	1	1.254120
245	2984.668917	1510.131669	1794.029084	0.367208	1.108507	27.551528	0.000000	1	1.080321
2958	3043.173720	1514.781122	2179.896949	0.367253	0.981017	27.708612	0.000000	1	1.001346
4053	2940.769549	2033.254039	2233.066208	0.367664	1.196786	42.108534	0.000000	1	1.002167
749	3502.686158	1958.246491	1831.580849	0.367894	1.342953	73.935635	0.000000	0	1.342938
3809	3044.746473	2055.351420	2105.714030	0.368394	1.632350	30.456461	0.000000	0	1.612126
2198	3184.902946	1249.615273	2137.438505	0.369417	1.075784	23.375787	0.000000	0	1.092730
4024	3442.175720	1954.225289	2134.661733	0.370375	1.202982	58.406407	0.000000	0	1.024867
3472	3213.274626	2028.279698	2451.421521	0.372208	1.533433	44.477505	0.000000	1	1.246718
232	2846.711038	1111.518882	1789.291847	0.373129	0.926526	28.639692	0.000000	1	1.032414
2495	3057.348224	2193.697550	2364.376938	0.373423	1.174226	25.102909	0.000000	1	1.089745
418	3008.546926	2448.169471	1798.632529	0.373497	1.316191	25.067021	0.000000	1	1.224675
719	3313.940085	1132.131424	1897.502163	0.373558	1.431532	49.194227	0.000000	1	1.152264
739	2924.726049	1198.057497	1893.633461	0.374751	1.736819	29.026265	0.000000	1	1.024909
916	2850.452645	2616.396296	1898.143452	0.375285	1.991747	35.254639	0.000000	1	2.212590
821	3476.451534	1920.490675	1946.707597	0.376114	1.512335	47.859604	0.000000	1	1.065107
442	2945.981091	1113.295591	1837.496076	0.376466	1.250208	30.172384	0.000000	1	1.077641
476	2998.432942	2247.377907	2128.490681	0.376847	2.163665	24.982784	0.000000	1	1.142309
3993	3295.257497	2015.250427	2112.399818	0.376889	1.280107	33.937417	0.000000	1	1.344497
741	3314.711611	1063.968954	1922.212351	0.377643	1.331319	48.182977	0.000000	1	1.111585
2972	2897.060952	2189.704716	2358.956930	0.378146	1.332804	18.894007	0.000000	1	1.144456
4040	3415.422766	1446.262586	2294.164805	0.378808	1.269354	59.768089	0.000000	1	1.214624
794	3085.539203	1780.494381	1853.178631	0.378846	1.223368	26.219003	0.000000	1	1.140392
748	3113.172315	1677.709838	1837.252922	0.379102	1.448402	27.914462	0.000000	1	1.548710
4200	2789.508178	2408.429335	2426.358388	0.379581	1.174185	22.767546	0.000000	1	1.254030
4007	3300.312080	1660.256938	2123.199249	0.379634	0.912338	23.964886	0.000000	1	1.152791
1689	2898.668633	2797.649209	1767.014585	0.379680	1.492365	28.768522	0.000000	1	1.068428
1692	2944.796944	2395.583854	1773.011145	0.380358	1.493330	34.364331	0.000000	1	1.464844
4029	3357.586475	1406.782143	2254.607016	0.380615	1.430416	55.227030	0.000000	1	1.309468
3883	2882.853391	2360.158261	2591.097248	0.381368	0.875510	14.168636	0.000000	1	4.628260
568	3201.061981	1341.740695	1967.910339	0.381582	0.891656	25.474380	0.000000	1	1.001402
106	3191.198136	841.941642	2070.945145	0.382145	0.937799	53.247706	0.000000	1	1.608867
3637	2912.607913	2023.115785	2359.948023	0.382420	1.288554	23.466509	0.000000	1	1.428748
241	3118.464328	1243.524881	1773.968919	0.383624	1.292736	23.723459	0.000000	1	1.021177
3608	3429.036750	1736.077450	2278.622934	0.383830	1.150819	67.094473	0.000000	1	1.085021
4224	2780.068548	2298.430608	2481.091332	0.384497	1.099696	18.975107	0.000000	1	2.267996
2063	3162.936711	1517.326008	1784.654936	0.385159	1.762130	24.305021	0.000000	1	1.211231
606	3019.177580	2162.620480	1953.576441	0.386047	1.141522	24.548931	0.000000	1	1.116720
623	3340.930272	2404.117008	2035.459385	0.386563	1.463514	51.196986	0.000000	1	1.111921
2350	3163.721847	2312.494234	2443.256237	0.387234	1.910025	32.571914	0.000000	1	1.048049
3627	3393.456402	1835.377107	2323.799602	0.388278	1.227027	51.521443	0.000000	1	1.250866
4064	2992.770006	1989.757280	2275.005530	0.388855	0.857778	22.366097	0.000000	1	1.041420
1087	3479.708370	1553.427832	1942.160222	0.388930	1.385933	48.168114	0.000000	1	1.085383
4905	2908.469471	2167.344170	2558.836025	0.389198	0.982708	23.894320	0.000000	1	1.211226
238	2839.109921	926.368431	1770.314519	0.389512	1.184332	28.047276	0.000000	1	1.145210
3094	3449.598217	1857.583281	2251.612005	0.389602	1.191334	42.933493	0.000000	1	1.342484
4134	3086.153434	1662.370117	2257.978295	0.389734	1.257504	25.515774	0.000000	1	1.252378
1681	2919.472497	2604.644078	1765.761597	0.389736	1.011387	20.847704	0.000000	1	1.014786
1187	3058.345451	2579.931682	1598.184028	0.389950	1.424286	22.342658	0.000000	1	1.052649
984	3064.287624	1201.843153	1929.402112	0.390881	1.232525	26.062382	0.000000	1	1.134117
1612	3498.833534	1768.857190	1744.025493	0.391758	1.360839	37.535819	0.000000	1	1.288462
3055	2994.847243	1893.334616	2099.924809	0.392055	1.590752	35.307724	0.000000	1	1.226446
580	3346.798405	2141.351322	2019.836272	0.392345	1.232690	39.887155	0.000000	1	1.183505
4249	3253.578708	2165.437241	2511.248236	0.393853	1.364080	38.924613	0.000000	1	1.338761
864	2998.463576	2302.678085	1935.351972	0.394144	1.058084	19.509668	0.000000	1	1.025531
2369	2984.206304	2434.744706	2391.820452	0.394831	1.196775	25.055691	0.000000	1	1.138065
3075	3427.254803	1567.038839	2223.174894	0.395062	1.169377	45.878010	0.000000	1	1.078343
458	2920.776335	1149.530056	1804.978140	0.396063	1.415756	31.631434	0.000000	1	1.202945
2304	3097.962350	1306.865158	2317.981010	0.396201	1.050082	25.819353	0.000000	1	1.113825
2393	2886.067136	2231.448981	2158.844487	0.397653	0.868720	27.250406	0.000000	1	1.045528
5315	3290.614570	948.942239	1895.793190	0.397878	1.127055	52.499132	0.000000	1	1.054142
2796	3087.302238	1021.012512	2585.717567	0.398518	0.645367	29.896696	0.000000	1	1.532395
771	3418.069824	1716.797027	1881.177960	0.398803	1.263028	39.669818	0.000000	1	1.105542
1720	3003.283207	2546.010751	1678.790747	0.400676	1.412371	29.513745	0.000000	1	1.172687
2749	2829.808474	1249.368585	2361.534582	0.401346	1.468962	19.908576	0.000000	1	1.045022
2311	2910.826807	2419.287149	2149.087575	0.401385	1.680659	27.155750	0.000000	1	1.180635
2276	3158.341307	1065.617608	2284.055433	0.402022	1.445889	35.484305	0.000000	1	1.385206
496	3097.013850	2508.789577	2152.657753	0.402885	1.595881	29.662786	0.000000	1	1.120641
4145	2985.392318	1816.322973	2231.044672	0.403756	0.946796	25.725687	0.000000	1	1.292008
4897	2933.460039	2357.381202	2585.424675	0.403799	1.054005	19.626258	0.000000	1	2.377922
2143	2793.901723	1231.392251	2241.543769	0.403821	0.931832	27.634469	0.000000	1	1.297746
589	3190.196713	2069.654799	2027.915745	0.405200	1.384138	21.773523	0.000000	1	1.000901
950	3345.874676	2521.452355	1957.447263	0.405896	1.229890	52.309975	0.000000	1	1.108475
323	2731.224569	1006.500184	1785.500784	0.406230	2.025397	38.154694	0.000000	1	1.314167
2208	3401.934400	1312.832486	2120.496065	0.407746	1.349065	50.297370	0.000000	1	1.081589
4129	2971.251681	1820.161457	2183.909169	0.407784	0.875163	23.280325	0.000000	1	1.111129
809	3080.103143	1291.198209	1899.581024	0.407823	1.188663	20.149969	0.000000	1	1.100226
3796	3152.570111	1498.568373	2079.801439	0.408572	1.366100	23.151269	0.000000	1	1.151312
3056	3044.878493	1948.635182	2112.008780	0.408670	1.607664	31.720008	0.000000	1	1.043766
260	3293.960151	1941.429155	1793.332985	0.409894	1.115663	22.793670	0.000000	1	1.073584
836	3036.450431	2907.082909	1899.344168	0.410094	1.475870	35.769392	0.000000	1	1.016935
614	2932.305316	2218.393270	1975.571580	0.410201	1.378601	30.221734	0.000000	1	1.029186
3648	3174.688857	2186.178471	2501.654361	0.410502	1.342686	25.464784	0.000000	1	1.127443
2083	3049.275101	1409.158099	2105.416707	0.411047	1.206889	30.532979	0.000000	1	1.157365
612	3435.373844	1991.710796	2047.763148	0.411382	1.476562	40.731195	0.000000	1	1.509579
2153	3270.058193	983.264043	2202.820007	0.412171	1.086483	37.820739	0.000000	1	1.396342
3602	3339.835028	2019.953528	2253.522169	0.413310	1.186242	30.333751	0.000000	1	1.053929
767	3053.585105	1269.129425	1850.394318	0.413380	1.551927	35.708260	0.000000	1	1.159400
4147	3228.546811	1917.352238	2342.409065	0.414001	1.287814	33.750411	0.000000	1	1.437559
98	3001.214913	767.650044	2013.792915	0.414168	1.200584	37.194810	0.000000	1	1.193752
4257	2968.354882	2074.475969	2384.338143	0.414359	1.338924	24.019671	0.000000	1	1.085746
2331	3046.049687	2174.931528	2163.128236	0.414739	1.667271	22.009659	0.000000	1	1.019746
727	3054.890139	1210.647279	1860.711356	0.415141	1.833841	23.102237	0.000000	1	1.108579
3093	3048.021070	1859.389145	2140.263439	0.415553	1.707507	30.181354	0.000000	1	1.281872
2560	3178.140144	2524.426548	2519.480952	0.417088	1.132617	43.419480	0.000000	1	1.064870
3014	3390.239653	2189.689025	2159.825818	0.417334	1.264055	33.077652	0.000000	1	1.205996
690	2742.723278	2582.613407	1869.516569	0.417471	1.590193	21.281337	0.000000	1	1.009624
1130	2989.297988	2469.818587	1846.162766	0.417790	1.198872	24.106434	0.000000	1	1.099142
4139	3295.984584	1587.793114	2328.625403	0.417803	1.303139	29.272006	0.000000	1	1.092147
4136	3038.691433	1850.777348	2257.842284	0.418288	1.168471	23.843318	0.000000	1	1.153904
3022	3260.390614	2212.453769	2517.709927	0.418698	1.173734	34.133778	0.000000	1	1.052556
503	3110.028976	2236.281351	2130.888203	0.420120	2.050683	30.897873	0.000000	1	1.137086
1586	3368.343041	1176.419894	1758.286033	0.421062	1.233491	39.161702	0.000000	1	1.258677
4658	3062.453213	1368.085214	2342.106921	0.421313	1.544354	21.369455	0.000000	1	1.031694
1569	3110.113151	1636.435717	1758.918636	0.421831	1.211948	13.279053	0.000000	1	1.288256
1712	2986.108346	2764.299493	1662.818146	0.422564	1.689353	28.950375	0.000000	1	1.065093
811	3117.922854	1554.097808	1882.294013	0.423824	1.180317	20.336407	0.000000	1	1.121720
69	2974.793978	813.728261	1912.637354	0.424777	1.234673	23.673257	0.000000	1	1.083661
4747	2993.031571	1376.024921	2409.668454	0.426337	1.026012	17.396512	0.000000	1	1.787577
819	2835.663111	2699.457247	1890.262992	0.426567	1.269726	30.149842	0.000000	1	1.038833
753	3409.012653	1139.968602	1854.261852	0.427194	1.188553	50.680469	0.000000	1	1.356038
4308	3383.259267	1714.899187	2389.788150	0.427789	1.231327	41.015978	0.000000	1	1.248362
4855	2908.074183	2200.852611	2516.730658	0.428103	0.555818	15.926027	0.000000	1	1.057220
3795	3256.886665	2133.927040	2102.469933	0.428918	1.139044	26.926485	0.000000	1	1.017730
459	3212.267543	2072.687679	1822.415576	0.428925	1.417822	28.813931	0.000000	1	1.017315
279	3127.376631	1351.900243	1783.614618	0.428947	1.072888	28.154287	0.000000	1	1.021494
4210	2878.417488	2475.973406	2527.620886	0.429684	1.463420	30.519215	0.000000	1	1.477931
1567	3134.299904	1403.473863	1757.325168	0.430103	1.131688	24.310929	0.000000	1	1.042170
2956	2881.484509	1402.935451	2248.457631	0.430665	0.867436	19.958770	0.000000	1	1.052585
2502	2969.296483	2092.693376	2005.604381	0.431064	1.061430	28.674439	0.000000	1	1.551925
852	3168.368512	2595.103711	1959.206138	0.431103	1.136637	38.295002	0.000000	1	1.178815
4197	2790.259016	2306.556227	2430.436158	0.431954	1.852831	26.748575	0.000000	1	1.078652
1560	3020.214592	1046.637357	1756.734814	0.432200	1.245953	21.348816	0.000000	1	1.079924
1830	2984.353531	2076.250463	1761.562328	0.433686	0.729445	20.523786	0.000000	1	1.196481
119	2992.484617	743.659200	1978.634177	0.434740	1.124446	30.876838	0.000000	1	1.058269
1138	3096.945888	2437.016369	1881.277669	0.435068	1.317061	26.465255	0.000000	1	1.022801
4021	3104.550093	1728.909291	2021.464881	0.435274	1.124687	26.097254	0.000000	1	1.097194
760	3099.136530	2230.639211	1850.106072	0.435613	1.109612	22.922252	0.000000	1	1.079562
685	2874.596672	2356.623632	1881.816761	0.435681	1.282752	21.798181	0.000000	1	1.054141
2983	3309.127812	2016.291308	2049.039095	0.436535	1.275217	24.426870	0.000000	1	1.168717
1653	3023.407942	2665.996161	1731.303735	0.436676	1.620286	21.202045	0.000000	1	1.015878
967	3188.060701	1787.293379	1917.949124	0.436844	1.545375	20.428632	0.000000	1	1.008239
2536	3097.671155	1212.123037	2361.035212	0.437531	0.906035	25.730740	0.000000	1	1.129701
360	2988.462867	2464.499220	1801.279065	0.437679	1.383534	29.939563	0.000000	1	1.045087
958	3351.582575	1245.701660	1893.462799	0.437692	1.054946	56.327573	0.000000	1	1.004585
985	3048.131957	1223.915183	1923.575284	0.438135	1.468136	23.303811	0.000000	1	1.011800
2209	3051.067505	1266.224131	2055.309468	0.438536	1.639776	35.221847	0.000000	1	1.044709
504	3368.949180	2254.406465	2145.949351	0.439121	1.276472	36.440788	0.000000	1	1.083015
1583	3047.238753	888.386160	1773.670214	0.439236	0.973974	24.860775	0.000000	1	1.075281
4146	3408.517826	1901.713940	2386.431970	0.439955	1.282101	31.632634	0.000000	1	1.192907
2193	3095.569595	1330.036726	2062.283656	0.440143	1.152074	20.115687	0.000000	1	1.079133
1181	3159.668454	2677.567295	1574.823063	0.440219	1.130674	35.638134	0.000000	1	1.100437
2500	2977.128474	2115.357742	2044.442815	0.440400	1.568388	27.803332	0.000000	1	1.519027
1005	3025.338751	2379.045174	2042.422823	0.440999	1.490951	21.978191	0.000000	1	1.041446
2394	3194.799431	2505.325406	2261.996172	0.441991	1.349588	33.485059	0.000000	1	1.209756
660	3387.841122	1715.984836	1957.832233	0.442064	1.516547	35.735344	0.000000	1	1.097209
3801	3455.902440	1424.328434	2177.975495	0.442516	1.298429	46.991872	0.000000	1	1.434617
1041	3025.009747	2135.161658	2042.184757	0.443074	1.780411	17.535888	0.000000	1	1.111450
2754	3184.074788	1128.551181	2563.129935	0.443641	0.714216	20.671007	0.000000	1	1.198402
1249	2930.987633	2511.734690	1680.495701	0.445002	0.963292	19.507200	0.000000	1	1.050181
2542	3118.459824	2570.600794	2552.434224	0.445051	1.201902	42.520537	0.000000	1	1.093878
992	3347.188332	2512.082319	2066.271778	0.445417	1.007199	41.313893	0.000000	1	1.448322
2082	3046.537980	1290.471923	2098.927723	0.446049	1.666608	29.582113	0.000000	1	1.133991
586	3100.349977	2025.934468	2012.867758	0.446107	1.481343	23.495404	0.000000	1	1.034645
4208	2809.079453	2320.377132	2449.267431	0.446390	1.550157	24.594714	0.000000	1	1.450244
793	3180.818124	1732.549408	1884.552105	0.446896	1.354635	31.501311	0.000000	0	1.239429
936	2821.952898	2438.573637	1910.867000	0.447136	1.626242	24.576840	5.367832	0	2.265788
4159	2923.101006	1976.727242	2261.519072	0.448160	1.555033	20.681797	0.000000	0	1.098328
2539	3113.232071	2135.608526	2245.459831	0.448871	1.514296	16.863669	0.000000	0	1.014347
4051	3032.777502	2037.598492	2243.954585	0.449624	0.859134	22.687423	6.823725	0	1.079331
2445	3160.992329	2293.151603	2295.519466	0.449745	1.575629	29.763044	0.000000	0	1.220958
1811	3118.655453	2180.177240	1755.524947	0.449941	1.322115	25.389986	0.000000	0	1.273796
426	3023.554540	2902.272426	1835.003157	0.450918	1.435362	34.927883	0.000000	0	1.025059
331	3330.514289	1167.158994	1795.016883	0.452148	1.606541	38.621995	0.000000	0	1.071631
291	3404.431960	1696.863857	1795.765965	0.452227	1.310197	28.092320	0.000000	0	1.208664
1076	2955.759262	2413.313188	2089.536093	0.452571	1.922328	27.633217	0.000000	0	1.054787
2930	3094.483129	1198.571298	2503.351192	0.453981	1.220163	30.711768	0.000000	0	1.373366
3994	3114.223304	2036.303488	2080.605950	0.454043	2.012333	32.698913	0.000000	0	1.288282
3757	2853.520421	2335.587778	2565.107351	0.454570	0.454570	11.890534	0.000000	0	-1.000000
385	3009.987612	2938.236375	1825.552845	0.454639	1.275126	32.144738	0.000000	0	1.034663
640	2853.318619	2458.546192	1927.731048	0.455495	1.565274	25.811103	0.000000	0	1.269455
520	3078.276801	2465.993691	1988.782757	0.456225	1.348410	26.279793	0.000000	0	1.088554
2123	3002.951160	1426.351277	2134.999341	0.456300	1.732525	20.147217	0.000000	0	1.068332
1739	3163.237400	2814.422365	1652.767205	0.456578	0.951296	34.028236	0.000000	0	1.179065
4303	3105.859945	1657.636814	2281.482107	0.457305	1.494962	32.914184	0.000000	0	1.067328
1627	3437.547426	2282.949639	1753.130579	0.458186	1.329126	43.901369	0.000000	0	1.310222
2524	2871.921181	1147.043517	2306.579873	0.458819	1.148902	21.556938	0.000000	0	1.326975
3705	2817.070418	2453.257042	2510.494578	0.460932	1.348452	20.471946	0.000000	0	1.665670
47	3013.451821	782.052317	1977.177265	0.461473	1.472806	24.226290	0.000000	0	1.010585
3303	3441.386644	1730.290757	2027.388579	0.461851	1.524882	49.934378	0.000000	0	1.140448
687	3163.212069	2603.915785	1891.578605	0.461937	1.530916	30.200643	0.000000	0	1.132157
5172	3078.003412	2420.999683	2603.265918	0.462430	1.206357	33.971946	0.000000	0	1.017589
602	3437.192642	1998.422250	1972.374268	0.462796	1.279346	40.052950	0.000000	0	1.380435
1600	3001.194939	2397.819785	1766.124583	0.463310	1.286201	15.736115	0.000000	0	1.032264
2191	3089.993836	1194.392967	2059.574023	0.464145	2.048828	27.899085	0.000000	0	1.431843
5343	3029.873113	885.530041	1860.565110	0.464847	0.790553	19.498045	0.000000	0	1.024937
2755	3054.014150	1217.466388	2496.810492	0.464858	1.497382	27.313540	0.000000	0	1.271657
126	3097.961501	868.853847	2053.076370	0.470546	1.279004	34.262734	0.000000	0	1.088063
1835	3388.349637	2097.667250	1772.656925	0.470632	0.983636	28.433621	0.000000	0	1.074832
3321	3360.715657	1430.621399	2018.232783	0.471646	1.455979	28.093011	0.000000	0	1.048724
3078	3050.688689	1871.178580	2117.947824	0.472330	1.739743	23.942633	0.000000	0	1.195611
521	3035.665379	2598.031803	1961.317915	0.473202	1.464277	25.439742	0.000000	0	1.010765
3817	2829.600178	2164.502568	2493.656186	0.473425	1.295940	20.086904	0.000000	0	1.597934
2118	3299.579910	1042.820040	2243.108851	0.475714	1.122218	41.163916	0.000000	0	1.126269
757	3012.251834	1702.467730	1824.977171	0.476666	1.227402	32.074780	0.000000	0	1.118256
1748	3218.139275	2793.932400	1699.687189	0.476886	1.199318	45.848428	0.000000	0	1.338082
676	3070.729190	2968.289255	1868.616263	0.477054	1.282321	41.038162	0.000000	0	1.459863
1607	3315.695932	1506.244376	1742.960926	0.477246	2.162238	33.768987	0.000000	0	1.364868
3008	2909.407440	1297.179941	2269.402268	0.477279	0.965443	17.296665	0.000000	0	1.109349
1591	3230.844820	1707.815404	1760.679082	0.477478	1.448959	22.172099	0.000000	0	1.413720
1827	3118.842703	2210.377066	1754.000349	0.478513	1.431637	20.626216	0.000000	0	1.264642
2448	3062.868421	2515.489634	2247.978208	0.480141	1.177035	26.895006	0.000000	0	1.268624
104	2921.861690	787.640925	2007.850964	0.480309	1.629439	21.686587	0.000000	0	1.072783
2974	3245.511272	2328.901641	2563.789723	0.481772	0.906802	34.815762	0.000000	0	1.178786
1242	2803.050159	971.831657	1753.832622	0.482163	1.196723	17.515358	0.000000	0	1.704517
899	3337.057632	2264.984248	1889.482471	0.482233	1.310743	25.537820	0.000000	0	1.010876
1973	3188.346031	2678.317390	1747.141503	0.482684	1.559452	40.603681	0.000000	0	1.445334
505	3391.746075	2287.206955	2183.016065	0.482889	1.231687	41.907367	0.000000	0	1.105075
1864	3196.533705	2792.634582	1661.987905	0.483293	1.416907	45.084844	0.000000	0	1.071046
930	3500.792269	1994.337577	1984.467034	0.483432	0.910919	38.581310	0.000000	0	1.194439
72	3025.333331	850.762891	1946.522353	0.483920	1.747162	22.320313	0.000000	0	1.197533
1013	3100.132461	2475.666170	2099.039595	0.485086	1.316729	27.986116	0.000000	0	1.065883
439	2937.469043	908.840236	1813.402789	0.485609	1.567333	25.896189	0.000000	0	1.024631
2108	2928.341605	1265.261803	2115.225098	0.486348	1.369288	22.553258	0.000000	0	1.006743
1248	2993.974842	2557.955783	1711.841754	0.487689	1.236254	17.365266	0.000000	0	1.293681
1858	3059.978457	2796.296427	1622.485966	0.488718	1.411129	26.493381	0.000000	0	1.188063
243	3376.758750	1274.127431	1771.499507	0.491386	1.474912	34.010093	0.000000	0	1.155786
4603	3056.683827	1686.621648	2277.868132	0.493628	1.653286	31.036446	0.000000	0	1.380157
1568	3130.324005	1468.472369	1765.900892	0.495162	1.698980	26.241000	0.000000	0	1.382797
1066	3081.728998	2501.128418	2085.277449	0.496131	1.612328	23.881137	0.000000	0	1.043995
1054	3427.856433	2273.491490	2113.529986	0.496162	1.120788	40.233812	0.000000	0	1.177552
2214	3372.594865	1393.811419	2188.620474	0.497316	0.890545	26.067972	0.000000	0	1.077867
961	3369.888274	1565.115608	1903.513205	0.497410	2.113006	25.794101	0.000000	0	1.136903
3418	3134.958674	1694.138119	2047.585655	0.498513	1.433852	20.837374	0.000000	0	1.116407
4203	3063.944184	2592.140830	2626.787219	0.499565	1.450552	42.711148	0.000000	0	1.946504
2299	2894.710220	1158.380460	2221.550946	0.500765	1.524819	26.864546	0.000000	0	1.032410
1959	3356.019621	1557.886731	1742.668743	0.501996	1.447759	28.590586	0.000000	0	1.118100
2317	2938.440663	2159.815216	2120.467528	0.504470	1.176184	19.599032	0.000000	0	1.242266
922	3224.837698	2576.066343	1942.748194	0.504657	1.075909	37.081531	0.000000	0	1.050889
608	3143.127412	2241.055155	1956.104460	0.505923	1.480275	20.034757	0.000000	0	1.255609
4301	3089.449955	1509.248043	2277.665416	0.506867	1.329197	16.296121	0.000000	0	1.042251
3416	3154.448661	1648.779706	2064.180636	0.506900	1.369686	29.103050	0.000000	0	1.208048
2090	2926.419260	1448.978331	2093.825934	0.508360	1.259968	22.851631	0.000000	0	1.433833
3095	3048.704316	1912.479750	2166.764877	0.509918	1.522077	16.517072	0.000000	0	1.124159
3417	3415.909681	1663.349804	2032.778113	0.510052	1.177503	29.997518	0.000000	0	1.124553
1685	3362.595008	2468.143688	1759.289505	0.511589	1.404995	46.537787	0.000000	0	1.040269
4574	2762.650286	2290.734640	2381.046693	0.512146	1.546199	18.909261	0.000000	0	1.131136
4313	3048.893600	1736.140442	2277.589861	0.513435	2.162954	22.845891	0.000000	0	1.379012
313	3169.759832	1063.975160	1804.028456	0.515210	1.097485	27.347599	0.000000	0	1.016182
3998	3320.696758	1419.783898	2121.149871	0.515930	1.362471	18.391806	0.000000	0	1.032492
2077	3392.975205	1195.107807	2003.304085	0.516123	1.006327	35.826370	0.000000	0	1.092156
3603	3325.699056	2078.186327	2264.193202	0.519231	1.443835	21.881868	0.000000	0	1.015370
1075	2993.065280	2378.809311	2080.605613	0.519948	1.290009	16.479519	0.000000	0	1.146242
2326	3138.715974	2568.886510	2221.465058	0.520113	1.042512	22.212728	0.000000	0	1.183627
3375	2941.483562	1602.553718	2204.786577	0.524247	1.400944	22.497065	0.000000	0	1.230534
1250	2971.908736	2525.387546	1724.055580	0.525027	1.595300	20.350582	0.000000	0	1.189576
2985	3039.794789	2098.662631	2213.609308	0.526362	0.940804	18.223379	0.000000	0	1.025753
2087	2898.578054	1192.101846	2087.738334	0.526519	1.612403	21.313192	0.000000	0	1.587946
845	2944.691412	2340.890259	1896.742982	0.527472	1.491349	22.893372	0.000000	0	1.002109
3300	2999.688508	1770.441027	1937.743610	0.527698	1.636360	26.593219	0.000000	0	1.462279
1609	3267.327578	1674.407975	1751.092106	0.527750	2.051023	27.216489	0.000000	0	1.412473
792	3293.973879	1715.475706	1876.663499	0.527836	2.252817	18.410819	0.000000	0	1.159407
2303	3200.421611	978.252402	2352.393353	0.531082	0.932640	23.158710	0.000000	0	1.078263
3068	3025.833130	1610.791582	2131.429608	0.531194	1.976190	24.250831	0.000000	0	1.035942
1956	3398.966744	1430.309844	1746.879440	0.531973	1.238561	35.638015	0.000000	0	1.142145
134	3109.967103	982.320771	2068.915966	0.532778	1.620972	19.710303	0.000000	0	1.004917
102	3084.702671	889.164490	2031.767961	0.533623	1.379278	23.871382	0.000000	0	1.027814
3079	3084.439893	1893.414477	2119.172844	0.534238	1.680290	20.782887	0.000000	0	1.029753
3316	3503.027075	1644.129896	2060.074707	0.534529	1.314892	37.884956	0.000000	0	1.214702
3721	3056.383630	2424.969667	2699.712060	0.536180	1.936684	20.871370	0.000000	1	4.207936
1763	3100.122184	2812.662348	1583.987233	0.536333	1.267022	30.087189	0.000000	1	1.044449
3828	2750.638005	2409.622351	2462.535954	0.536834	1.459411	17.231309	0.000000	1	1.402704
28	2808.907745	1137.529059	1915.600122	0.537627	1.096072	16.041709	0.000000	1	1.077950
2264	3266.047592	1086.719576	2304.685100	0.537945	1.267451	32.658949	0.000000	1	1.049944
2160	3196.709470	1321.304877	2226.600069	0.539609	1.478711	29.853858	0.000000	1	1.098595
2650	2916.209681	1086.637746	2448.432772	0.539746	0.796951	12.818276	0.000000	1	1.078056
4310	3228.669308	1886.922816	2334.483276	0.540177	1.649029	18.364066	0.000000	1	1.465582
2158	3244.366848	1338.679000	2245.095960	0.540567	1.477511	23.615427	0.000000	1	1.070672
1099	3446.236324	1967.918749	2083.145429	0.541086	1.477866	31.284222	0.000000	1	1.013169
375	3307.579420	2656.592832	1788.613622	0.543122	1.552328	36.484391	0.000000	1	1.149234
636	3125.913443	2345.670531	1960.083880	0.543528	1.870825	29.660764	0.000000	1	1.223335
2549	2892.161774	2079.167327	2279.183570	0.544146	1.452155	20.462008	0.000000	1	1.264508
4877	2973.918563	2224.683659	2566.946237	0.544791	1.527260	25.919054	0.000000	1	1.301769
1847	2771.462326	2543.642926	1656.665374	0.546064	1.487393	24.420826	0.000000	1	1.093909
637	3383.418753	2440.538895	2001.521927	0.546757	1.132726	23.697312	0.000000	1	1.000259
27	3220.330166	836.615187	1962.654160	0.549454	1.399281	39.177850	0.000000	1	1.129413
2551	3372.321742	2201.903568	2375.523044	0.549794	1.298867	40.081698	0.000000	1	1.097462
1009	2927.204174	2413.340613	2049.420595	0.550000	2.530628	26.526077	0.000000	1	1.959115
1968	3298.879101	1611.870038	1765.971741	0.551976	1.526335	18.848458	0.000000	1	1.053894
4211	2858.412276	2457.992217	2506.978399	0.552717	1.195438	16.825779	0.000000	1	1.343721
1594	3169.252058	2108.411822	1747.302761	0.554092	1.914478	17.195880	0.000000	1	1.098170
2345	3155.552658	2252.638875	2234.818141	0.556321	2.006895	17.414993	0.000000	1	1.043469
4321	2932.102828	1912.698698	2232.639389	0.558341	1.541904	21.373237	0.000000	1	1.606795
4702	3156.062684	1322.434891	2483.728414	0.558588	1.384768	19.486049	0.000000	1	1.818645
2141	3203.094989	975.205664	2392.969756	0.558932	0.909797	28.713299	0.000000	1	1.024537
2234	2930.277747	1475.663853	2137.409169	0.559848	1.810247	25.306028	0.000000	1	1.165667
3997	3451.068615	2094.295731	2170.196158	0.561439	1.502325	29.590920	0.000000	1	1.005677
2182	2969.439146	1161.763731	1984.129099	0.565445	1.809078	16.052864	0.000000	1	1.061307
1970	2999.743790	1722.854617	1795.338642	0.568145	1.683678	23.253784	0.000000	1	1.378056
312	3391.783243	1204.977644	1794.940837	0.568717	1.293219	33.028790	0.000000	1	1.013859
2429	2804.968438	2362.924153	2184.013322	0.569940	0.569940	13.478877	0.000000	1	1.196240
2775	3055.132597	1011.357376	2554.668857	0.570113	0.570113	16.478806	0.000000	1	1.243587
2329	3353.816256	2409.236833	2254.308456	0.570979	0.940231	31.950534	0.000000	1	1.111325
2074	3260.182468	1156.035659	1995.288656	0.574745	1.216592	27.467038	0.000000	1	1.026299
3044	3074.437959	1784.035220	2121.020458	0.576491	1.469600	17.453668	0.000000	1	1.096957
3413	2985.350402	1650.415782	2060.519941	0.577376	2.237021	27.756729	0.000000	1	1.018506
1810	3067.280694	2058.932239	1754.222500	0.581480	1.607564	14.109498	0.000000	1	1.138494
2079	3214.865335	1208.004803	1998.048817	0.581856	1.467607	27.234345	0.000000	1	1.134033
2342	3126.739229	2222.835627	2165.654323	0.584898	1.645540	26.625799	0.000000	1	1.168804
982	3388.161331	1186.917323	1917.915857	0.590604	1.633183	31.762421	0.000000	1	1.033273
4701	3036.086059	1377.794794	2403.459672	0.590613	1.762556	23.674442	0.000000	1	1.301730
656	3294.017017	2582.799718	2039.928537	0.593118	1.362854	30.041241	0.000000	1	1.013385
4826	3017.736539	2233.934835	2595.179002	0.594547	1.968315	27.586060	0.000000	1	1.271620
1526	2825.755724	1045.992483	1760.786167	0.596377	1.151627	16.929518	0.000000	1	1.494342
3690	3064.891690	2029.577692	2490.395181	0.596617	1.866568	19.723297	0.000000	1	1.732918
284	3300.098665	1561.995868	1774.338830	0.597828	1.558503	27.476780	0.000000	1	1.058324
2659	3111.718374	1075.678059	2557.979957	0.599010	0.599010	16.354957	0.000000	1	1.116834
585	2954.304057	2155.338546	1951.457734	0.601962	1.605506	26.334651	0.000000	1	1.080043
657	3112.375922	2534.137037	2016.365181	0.603314	1.614933	14.241144	0.000000	1	1.245302
1955	3403.488268	1219.776292	1764.263537	0.606790	1.986716	21.544563	0.000000	1	1.040432
2384	2903.650461	2187.462406	2131.953162	0.606819	1.289754	25.194429	0.000000	1	1.071287
755	3417.616366	1241.590065	1844.833030	0.606963	0.925327	29.573267	0.000000	1	1.058486
1766	3125.621702	2845.057678	1586.714402	0.607829	1.082566	21.839016	0.000000	1	1.254478
2976	3001.571010	2366.756108	2443.234073	0.611829	1.333448	18.992415	0.000000	1	1.022460
438	2740.718457	1027.317383	1805.482001	0.616645	2.125589	21.612126	0.000000	1	1.112427
124	2994.701699	1044.712310	2014.202362	0.617802	1.867855	15.812203	0.000000	1	1.035998
271	3016.051082	1881.885901	1817.759268	0.619517	0.880310	16.211655	0.000000	1	1.135003
3302	3495.531765	1737.251957	1996.055905	0.623171	1.402934	24.235578	0.000000	1	1.050082
1840	3482.127311	2182.334305	1750.181103	0.628502	1.130305	37.434920	0.000000	1	1.146329
688	2795.664937	2484.055744	1880.639883	0.628694	1.364651	16.005421	0.000000	1	1.306165
1592	3354.683535	1863.401829	1752.988882	0.629848	1.599521	24.902660	0.000000	1	1.174266
857	2832.886386	2784.201739	1908.478661	0.630428	1.385865	14.428181	0.000000	1	1.306478
5146	2800.588741	2183.860788	2404.209291	0.631031	1.387094	15.291417	0.000000	1	1.581805
1579	3029.759843	2547.209727	1743.131539	0.634515	1.496309	23.383485	0.000000	1	1.095275
4703	3067.039499	1352.091014	2419.213529	0.634925	1.502860	15.921139	0.000000	1	1.262417
2761	2806.130544	1192.357675	2394.817323	0.638372	0.870694	13.475892	0.000000	1	1.058871
1596	3024.499332	2115.925007	1765.441448	0.638518	1.832044	15.493205	0.000000	1	1.008595
1004	3221.397520	2444.641603	2077.692679	0.640867	1.431784	19.673487	0.000000	1	1.013225
1734	3192.317602	2823.675962	1730.202082	0.645425	1.208828	26.486399	0.000000	1	1.052691
2961	3097.880281	1481.517364	2108.920789	0.648572	2.180419	23.518764	0.000000	1	1.004022
3607	3132.803564	1715.710713	2205.920900	0.649056	0.997943	14.451663	0.000000	1	1.006066
826	2962.352096	2238.772207	1887.852434	0.649224	2.395830	21.774116	0.000000	1	1.129952
1191	2984.371001	2513.746404	1608.162843	0.655456	1.622723	19.067473	0.000000	1	1.294484
662	3073.140689	1745.072986	1925.214489	0.656097	2.014935	24.378863	0.000000	1	1.040968
4401	3146.672834	1897.126927	2498.616451	0.658286	0.823413	13.421353	0.000000	1	-1.000000
661	2997.544841	1711.232373	1919.729081	0.659680	1.552629	21.064213	0.000000	1	1.240831
935	3041.983381	2470.799909	1917.391307	0.659764	2.211588	16.734739	0.000000	1	1.009691
1366	2993.523478	836.937373	1745.594270	0.667989	0.969932	15.348757	0.000000	1	1.060304
1687	3276.271119	2464.672324	1754.435112	0.670896	1.303548	24.655280	0.000000	1	1.082593
2231	2900.229780	1193.774721	2123.708366	0.671222	1.284166	13.218831	0.000000	1	1.088257
4018	3479.738932	1573.679723	2124.634476	0.673661	1.852015	39.700696	0.000000	1	1.061582
3073	3116.320441	1554.363551	2128.348856	0.674878	1.083589	11.315892	0.000000	1	1.008071
347	3197.725721	2788.129374	1747.131428	0.677545	1.910649	32.872899	0.000000	1	1.002787
2973	3046.374797	2207.877615	2432.528442	0.679172	1.125366	14.421998	0.000000	1	1.022414
176	3101.480461	829.420340	2044.853116	0.682426	1.570890	30.774432	0.000000	1	1.141595
2711	3147.549578	1175.264143	2548.840275	0.690272	1.404657	28.151816	0.000000	1	1.253205
3724	2977.705785	2387.856248	2651.197610	0.692296	0.859357	16.526129	0.000000	1	-1.000000
2413	2859.491020	2255.954798	2160.980776	0.707376	1.779788	19.708779	0.000000	1	1.079789
3007	2924.321078	1509.600306	2125.831706	0.707543	2.367386	23.996432	0.000000	1	1.043522
4107	3244.408534	2032.659694	2402.584287	0.708579	1.558946	19.253352	0.000000	1	1.131277
2408	3227.913387	2617.198389	2280.830611	0.714290	2.149106	32.138609	0.000000	1	1.063182
1972	3264.043102	2693.596344	1713.429218	0.720995	2.264047	40.411605	0.000000	1	1.351983
1673	3191.941358	2296.881006	1760.293952	0.726790	2.401289	15.176513	0.000000	1	1.227241
1615	3021.728496	2008.446409	1767.350572	0.727588	2.185279	20.584242	0.000000	1	1.019896
377	3253.502837	2730.593256	1804.287752	0.731264	2.168833	33.725183	0.000000	1	1.113625
1566	3391.015256	1269.554406	1750.590919	0.734798	1.186743	17.447544	0.000000	1	1.139884
2454	2888.718600	2431.689159	2215.482266	0.737630	2.884352	19.511568	0.000000	1	1.168471
3127	2820.020594	2188.156244	2382.490159	0.744925	2.241206	18.286824	0.000000	1	1.611470
1320	3018.971963	2793.298243	1610.374279	0.752517	1.043749	13.773294	0.000000	1	1.178738
1292	3017.658000	2544.472647	1599.425034	0.756509	2.085781	19.680389	0.000000	1	1.023322
4463	3007.627738	2132.691648	2489.464526	0.758559	1.568532	12.825383	0.000000	1	-1.000000
2825	2872.494975	1167.944225	2502.495541	0.763390	1.133105	15.396372	0.000000	1	1.351118
4409	2990.189115	2012.632236	2444.650952	0.764912	2.183489	20.326865	0.000000	1	1.526916
3371	3413.231200	1507.886699	2398.945359	0.765741	1.873297	26.364263	0.000000	1	1.862280
1561	3035.800496	1181.437844	1753.145033	0.766539	1.500624	11.715735	0.000000	1	1.046921
4472	3175.974703	2079.057180	2600.701336	0.769504	1.094180	13.922761	0.000000	1	-1.000000
1190	2769.790066	2559.037801	1635.014728	0.774530	0.843516	14.570601	0.000000	1	1.045523
4825	2962.216820	2193.316034	2569.273483	0.774562	2.212603	18.178588	0.000000	1	1.153334
402	3481.069830	2212.776265	1814.178029	0.780851	2.041047	37.975505	0.000000	1	1.039228
991	3040.713731	2501.047159	1993.534004	0.785392	2.902539	16.250021	0.000000	1	1.373618
3737	2793.771495	2303.720728	2525.874678	0.787897	1.329818	19.997687	0.000000	1	1.407839
4062	3047.187394	1908.576790	2292.075633	0.788965	1.215560	13.252172	0.000000	1	1.228366
1595	3308.224437	2149.957257	1748.255847	0.790830	2.192713	16.338650	0.000000	1	1.003999
4311	3262.973248	1918.772188	2374.415606	0.794170	1.958367	22.626465	0.000000	1	1.051276
3846	2732.196901	2260.898697	2464.894054	0.794175	1.536264	13.016241	0.000000	1	3.287497
434	3296.010773	968.307617	1824.820695	0.797799	1.157792	21.327781	0.000000	1	1.024828
3979	2979.091935	1601.237121	1987.510869	0.804125	2.128222	21.051198	0.000000	1	1.018485
1695	3019.303506	987.715380	1754.343193	0.815450	2.615265	17.719605	0.000000	1	1.029032
646	3106.818729	2355.488732	2004.019087	0.816506	2.440511	18.289296	0.000000	1	1.169132
1301	3021.251304	2761.216102	1589.069284	0.817308	2.563540	16.137832	0.000000	1	1.143671
2984	3136.538910	1982.121318	2057.743995	0.827517	2.114152	14.028218	0.000000	1	1.029044
1356	2950.758737	2907.249234	1753.832342	0.828465	2.192969	23.237948	0.000000	1	1.037521
1682	2691.727050	2627.868570	1770.246047	0.841207	1.399506	12.361567	0.000000	1	1.800633
5094	3025.789644	2090.718265	2527.169661	0.864163	3.754853	19.216726	0.000000	1	2.415258
5251	2920.406855	1373.665596	2397.922726	0.867978	2.318455	17.038505	0.000000	1	4.948971
3689	2850.530658	2002.006254	2391.429797	0.874979	2.867117	17.030911	0.000000	1	1.236316
917	3100.773242	2960.674593	1902.903944	0.879835	1.295778	18.845048	0.000000	1	1.078415
3667	3093.455965	2031.265978	2504.271154	0.885840	2.807305	13.810040	0.000000	1	1.265898
4039	2926.788666	1546.385391	2166.463692	0.894884	3.089332	21.256190	0.000000	1	1.057695
4683	3257.907184	1277.942596	2528.069627	0.897317	1.388367	22.456429	0.000000	1	2.096069
989	3209.702328	2274.560089	2026.097430	0.906514	3.102301	14.185652	0.000000	1	1.021479
3749	2825.767426	2503.087436	2579.092239	0.912712	2.142709	11.610867	0.000000	1	-1.000000
305	3023.279118	712.220663	1819.929074	0.913265	0.913265	12.455536	0.000000	1	1.004362
2813	2872.852004	1168.069448	2502.979640	0.918353	1.462501	13.153998	0.000000	1	1.123131
4992	3104.127819	2042.332170	2525.329091	0.931198	2.144167	14.606003	0.000000	1	1.382863
133	2745.112523	1086.324798	1983.951588	0.945755	1.265633	13.016796	0.000000	1	1.002927
3893	2947.636913	2548.295541	2641.842558	0.968819	1.419084	14.733487	0.000000	1	2.935141
4333	3154.076922	2527.473472	2609.437493	0.972673	1.534314	21.023903	0.000000	1	1.062484
5054	3052.693604	2121.468901	2520.200408	0.976661	0.976661	9.703265	0.000000	1	-1.000000
4453	3021.865618	2010.174020	2488.894597	0.977349	3.900164	14.869978	0.000000	1	2.171193
1532	3021.110237	1248.222293	1747.107542	0.987076	2.115066	11.903839	0.000000	1	1.630165
1844	2850.369056	2437.544569	1643.079439	0.997653	2.057885	16.150971	0.000000	1	1.023418
