VoidID RA(deg) Dec(deg) Redshift EffAngRadius
16426	213.096015	20.471686	0.376572	1.523630
3202	129.528118	14.256028	0.278715	2.535132
12906	184.551548	13.824750	0.373842	1.579471
18612	203.231329	20.575294	0.173832	1.834725
14802	143.108945	28.389480	0.295586	1.867401
5715	172.287505	3.370742	0.235261	1.434479
14872	151.984422	33.130011	0.288787	1.893380
3464	141.142089	37.833659	0.246232	2.548348
18678	231.064578	42.936878	0.374653	1.309767
15352	213.888297	25.844547	0.235751	1.443403
12299	149.592710	9.309190	0.282730	1.802323
4603	159.866051	39.318973	0.337693	1.083857
12329	151.278372	9.843804	0.329683	1.752806
20788	209.845258	44.246836	0.370785	1.234683
3719	196.475603	42.805420	0.268816	1.881304
23584	200.284666	43.873325	0.193894	2.051059
23042	231.178445	44.202842	0.389182	1.455980
17906	196.538146	26.126594	0.210225	2.685969
11735	146.934238	17.365603	0.384576	1.378539
21005	187.450291	48.095557	0.256359	2.123973
3070	126.423928	25.481550	0.360326	1.921719
20977	183.037712	46.518078	0.296343	1.650382
2974	122.835606	28.174390	0.269131	1.464076
20776	208.018402	44.041811	0.368364	1.766928
19294	218.825201	59.825224	0.410344	0.505907
12279	175.099910	10.133356	0.155078	1.604552
13230	161.830343	15.280417	0.212612	2.410985
9448	223.329090	37.611249	0.282302	1.793866
2326	123.960634	26.021791	0.260415	1.940206
10747	131.472488	8.192077	0.312220	1.691078
4629	150.605617	37.827718	0.280228	2.453833
20865	235.416733	44.895459	0.388149	1.304207
8752	257.603582	34.137932	0.345176	1.521099
14773	136.744443	28.236056	0.243458	1.999753
4566	158.443673	39.895180	0.257289	1.944729
12887	160.682357	14.598733	0.311828	1.430059
14955	156.038881	33.398399	0.285490	1.760196
14805	139.427705	27.980331	0.348142	1.627291
10340	165.622121	7.911149	0.344592	1.523900
2459	127.980785	21.325418	0.374683	1.873225
11836	229.391608	12.422045	0.295125	1.939682
4830	173.681570	39.292669	0.293479	2.276397
18038	179.616146	27.228894	0.339842	1.708755
22137	249.031748	46.021349	0.224355	1.547743
11969	140.195523	11.561117	0.377281	2.055462
10571	144.685626	8.115839	0.376465	1.501831
21956	230.038568	58.818668	0.356444	0.278103
20052	151.226590	47.182564	0.262366	1.581052
9685	133.085116	28.023028	0.199425	1.883984
11049	159.208635	11.466726	0.322758	1.722093
10356	129.815805	7.380102	0.230748	1.643084
12945	200.461606	14.615778	0.154081	2.000995
9070	222.863565	38.042683	0.358905	1.147704
3014	123.244155	27.016934	0.287091	2.148132
15752	162.147389	27.125020	0.242234	2.184533
12597	173.038004	12.200426	0.243015	1.875075
1841	113.971609	34.506994	0.321653	0.640227
19190	239.940985	54.102713	0.337793	0.562884
7731	172.058776	6.862060	0.348205	1.710913
14553	135.548132	24.448927	0.305589	1.684330
14645	164.596792	18.077417	0.328647	1.539575
4883	227.574983	33.153753	0.214153	0.584336
3785	174.113172	41.466654	0.156181	1.822034
17623	217.257359	22.211896	0.376771	1.538575
23045	227.067591	47.336396	0.265299	2.155222
15768	170.642230	28.940260	0.242029	2.432412
21129	179.116742	43.764189	0.318108	1.275296
6594	148.704453	3.077363	0.344662	0.846550
18570	191.809307	17.585135	0.220514	2.692863
4939	224.340532	36.534245	0.359190	1.341530
16523	171.454732	22.026645	0.263570	1.736990
12863	167.108291	13.115636	0.164122	2.861869
18608	196.106897	20.021289	0.407255	1.315110
8865	131.504385	53.422821	0.180994	1.378810
14463	192.623341	16.702763	0.314405	2.089522
4576	146.205487	37.786678	0.236478	2.431680
10090	233.511087	9.883464	0.339657	0.872775
15873	150.028323	26.185769	0.194256	2.344758
11030	183.800260	12.919287	0.263981	1.540160
11725	154.370314	17.488828	0.372543	1.372922
22734	165.657488	50.677181	0.405300	1.039160
1129	249.383463	17.861917	0.374456	1.310511
8009	258.485494	28.374880	0.308499	1.650525
2733	126.030396	21.274996	0.220129	1.853800
23503	173.977363	44.149034	0.389197	1.241171
12668	209.681512	10.606878	0.230354	2.195382
23478	186.707243	48.198717	0.361396	1.471712
11570	134.569781	16.631482	0.412480	1.442831
17627	223.135717	20.106544	0.339620	1.291389
14517	135.484882	31.623481	0.332774	1.703509
2279	124.863844	27.929576	0.359243	1.303135
10495	233.105417	9.529574	0.266315	2.405692
15073	206.926399	28.505031	0.208256	1.298783
7830	233.468934	13.239960	0.351087	1.307775
5140	174.990273	37.436859	0.161389	1.627478
14691	156.228424	18.658380	0.386969	1.417694
18057	184.747396	24.503528	0.392663	1.883812
16506	192.039045	21.923419	0.418695	0.748135
18683	221.684604	41.373179	0.332237	1.326309
10732	146.493881	9.438470	0.218006	1.850336
3075	120.742407	21.812328	0.355680	1.292524
18761	202.192594	41.907659	0.168937	1.713586
797	211.814198	2.065906	0.175059	2.292497
13040	147.601246	17.798171	0.391392	1.168007
10065	233.265454	8.678603	0.290790	1.809165
9423	222.704437	39.849403	0.334869	1.714057
4227	183.346533	36.443891	0.363027	1.094965
5842	145.625180	3.745039	0.364293	1.113830
13152	227.715862	15.222803	0.348770	1.146834
4124	172.221626	35.951954	0.400294	1.889723
5186	173.307777	33.017199	0.223025	2.068170
9914	246.578312	34.344543	0.187918	2.274061
20384	164.422402	53.034022	0.317074	0.636550
11954	130.557900	11.949378	0.336491	1.588576
13161	226.883700	12.079070	0.227117	1.768877
9303	130.080964	53.082304	0.407082	0.753924
17048	157.849460	34.098210	0.237912	2.163534
15904	155.852089	29.077081	0.237102	1.300962
7932	237.505018	30.460097	0.335222	1.310351
2327	126.346777	27.315473	0.342926	1.728064
304	232.034826	2.693665	0.343006	1.784730
18417	181.793228	25.021838	0.414559	1.747853
3383	132.802017	37.787552	0.409863	0.380330
8831	220.859685	37.367470	0.354483	1.098603
11095	195.006907	7.701609	0.320348	1.244792
12237	163.880856	10.100664	0.214306	2.259063
18538	164.571300	19.408752	0.197845	1.213193
5292	120.786418	0.333346	0.357404	0.512551
17810	152.648434	26.199232	0.249544	2.383304
117	226.505749	0.984272	0.234015	2.219648
18791	200.329008	42.523521	0.198557	1.455304
10008	235.659003	7.657648	0.358771	1.749511
19499	239.056505	50.928810	0.236634	0.491822
18795	201.740325	42.362995	0.226344	1.505815
636	218.835396	-1.090198	0.282537	1.343774
14668	168.669868	17.435306	0.171843	2.414054
10812	156.101363	12.920449	0.410334	1.568920
17514	210.753141	26.945436	0.156413	1.874271
19303	209.730809	62.600261	0.331619	0.582127
17320	161.019406	30.681992	0.281332	1.787294
12363	144.426230	10.316921	0.283387	1.994914
18257	202.843616	19.577251	0.167273	2.045519
60	215.706590	-0.271733	0.323552	1.328349
930	205.216979	-1.233192	0.358327	1.253031
1737	247.944273	22.694975	0.208594	1.337139
7675	149.918654	7.475467	0.364781	1.447836
12677	207.892800	11.368323	0.327399	1.911958
15627	221.675497	21.734333	0.297001	1.695155
11949	144.251905	14.353404	0.249518	1.853335
12291	162.653165	11.181272	0.374459	1.656976
15990	183.860061	27.678427	0.351268	0.992155
3599	159.032387	40.030438	0.336794	0.873177
3638	144.945607	37.371058	0.292018	1.683657
15688	138.553007	23.674096	0.326024	1.879836
2420	122.919867	20.371531	0.317262	1.368114
4292	179.119042	34.454126	0.267606	1.730334
18530	160.134198	18.561982	0.378227	1.418343
9404	129.771279	44.952189	0.358239	1.249910
18033	180.544432	27.603585	0.166374	2.319434
23783	226.751627	58.137944	0.409327	0.560842
1505	251.862059	28.620172	0.311167	2.235127
23476	208.115933	45.904321	0.165592	2.168955
20510	233.329884	44.104602	0.274368	2.179972
10334	177.523081	6.269338	0.306779	1.390584
5773	129.027425	1.320441	0.362995	1.110318
13570	139.714752	45.312725	0.329175	1.018034
2829	115.064941	32.565328	0.322432	0.879538
11941	142.407102	14.872321	0.171807	1.898144
18851	218.586745	41.651068	0.285364	2.322386
12165	175.215657	8.056183	0.226610	2.114310
20423	210.704746	52.570166	0.348104	0.885389
13361	133.136532	9.833691	0.294572	1.514014
7049	160.445139	4.933242	0.361069	1.729910
4928	204.044159	41.948098	0.235333	1.584996
13195	231.214452	11.482352	0.411441	1.542149
20509	219.247613	50.502526	0.196475	2.098199
23621	210.976863	49.027621	0.170950	2.734894
15909	159.326283	30.864890	0.296188	1.675051
1939	113.185328	31.560790	0.170311	0.290284
16470	181.725579	21.663889	0.302565	2.031156
8340	243.381651	31.618702	0.350599	1.396088
7907	257.561646	24.533106	0.309870	1.576220
10664	150.383760	8.439008	0.253288	2.337068
11874	161.131404	15.040437	0.351269	1.602735
14524	214.342286	18.869307	0.333659	1.186056
8566	258.743060	30.664649	0.281786	1.493258
4941	226.523267	35.441870	0.354706	0.954420
14558	133.421344	32.274413	0.268097	1.794242
17778	177.764208	29.456970	0.339429	1.942404
5349	125.338000	0.300627	0.358980	0.534449
22829	206.262502	48.285341	0.331155	1.883330
15467	216.150140	25.578145	0.171456	2.640339
7147	200.791405	5.441023	0.330924	1.119896
8934	131.569861	53.722542	0.279027	1.152950
20546	226.043736	53.030919	0.290962	1.346882
12956	203.394459	16.049190	0.350228	1.428805
16672	178.598161	19.901097	0.294430	2.105446
7026	126.752034	6.486562	0.252814	1.318941
16222	153.401421	21.818206	0.377027	1.860294
3050	127.136512	28.621339	0.254114	2.358222
8587	232.044218	35.191706	0.237781	2.162991
9068	221.362201	38.391840	0.341224	1.383963
7440	228.204077	6.480550	0.173405	2.159885
8789	218.935967	37.851611	0.325310	1.334918
4225	181.980084	35.860172	0.403007	1.734126
13790	148.306229	63.723833	0.292265	0.505347
12430	141.117905	11.735286	0.262186	2.563089
11525	191.698651	14.832626	0.408417	2.018210
2682	127.481983	13.090328	0.348680	1.490853
21260	180.501079	41.891377	0.328768	1.255535
7087	162.394721	5.108787	0.226099	2.505531
3673	159.013931	42.276774	0.354087	1.269287
20002	161.597125	54.611114	0.322786	0.262145
12174	178.831314	7.443247	0.200134	2.502178
2980	125.413041	31.563283	0.246267	1.140447
10293	212.300269	7.801881	0.311854	1.843037
23542	207.140823	44.011268	0.322031	1.823961
23181	239.367353	44.906511	0.197470	2.233199
18741	152.755052	45.774124	0.331880	1.446594
6916	182.185962	4.912779	0.232756	2.306551
14897	167.230278	33.805285	0.243792	1.120055
21166	186.847818	45.273110	0.358398	1.912124
8330	246.995133	26.541400	0.219068	1.323778
19802	150.894606	49.074089	0.391286	0.864537
11408	147.894136	11.785412	0.351712	1.470317
3442	144.488234	41.779769	0.230838	1.562155
18552	163.233144	19.273193	0.240856	1.800054
7142	182.140550	5.710984	0.239619	1.477331
18640	187.566250	17.138842	0.358485	1.700575
12509	194.195182	12.196246	0.210052	2.559755
17663	144.551902	26.073439	0.276892	1.632455
6565	217.519363	3.534828	0.294590	1.878400
19967	165.873502	50.697863	0.400036	0.890845
17037	151.939517	31.710907	0.397283	1.911259
7230	161.146689	6.424885	0.299389	1.125196
14811	137.663591	27.132864	0.277021	2.195962
13395	145.242113	14.923038	0.339760	1.061982
17480	211.113733	27.572124	0.238659	2.029275
14489	135.719696	25.632909	0.407672	1.416276
4272	159.674168	35.115892	0.369393	1.382624
15388	214.597529	26.605789	0.161903	1.720916
17672	143.449026	25.969669	0.262344	1.805416
23566	179.289648	44.260965	0.411614	1.042907
20464	201.498293	53.860208	0.319701	1.278505
4470	148.986271	44.128258	0.154902	2.038771
9796	253.688282	37.797518	0.370774	1.754160
12952	207.898232	14.437865	0.325938	1.562598
12447	155.234064	13.664173	0.246591	1.896844
13469	126.983775	7.828472	0.372622	1.622558
627	210.915590	0.827075	0.255946	1.548158
4238	173.110258	36.715874	0.349795	1.647587
3626	162.520335	41.976055	0.307507	1.416295
5150	132.919312	35.053537	0.392671	1.503191
17909	203.029890	25.862531	0.201037	2.820995
10459	183.365317	7.662521	0.173049	2.681372
15088	192.435760	30.720631	0.313241	1.675758
15535	223.544879	21.441218	0.328446	1.437103
8576	252.799470	32.616365	0.309687	1.316402
3260	131.001600	21.915969	0.412231	1.344403
3474	135.781914	34.846218	0.200935	2.092795
18842	214.408108	41.102670	0.311923	1.818783
15594	220.571514	19.849101	0.388597	1.827641
14081	146.671839	51.309498	0.406752	0.418471
15429	216.182879	25.512707	0.229946	2.141444
16744	168.278059	18.531984	0.383439	1.555077
13099	223.164286	16.648494	0.288612	1.589488
14612	189.991141	16.189338	0.313015	1.611600
23637	218.129167	49.624029	0.183960	1.729092
12506	197.888404	11.227135	0.323626	1.995688
20079	171.465828	51.133458	0.327570	0.777953
15699	149.299666	24.092973	0.338491	1.499249
4871	203.905976	39.999417	0.283768	0.618399
11932	137.487369	16.550566	0.314060	1.163258
9875	253.033152	40.621605	0.359627	1.298189
22469	250.619168	43.272574	0.222841	1.782041
2254	130.005988	33.639979	0.252840	1.461466
10909	181.101402	13.774358	0.321806	1.898789
5142	162.123189	36.213573	0.324904	1.419994
23642	177.806633	42.082734	0.327964	1.655180
15343	164.899474	31.828277	0.238870	2.208274
17813	158.385682	27.171585	0.158972	2.231153
6157	235.674960	4.879910	0.327347	1.706748
20607	238.447799	45.854846	0.227903	1.467876
3716	196.225287	42.497768	0.332262	1.599962
16800	185.504869	19.816025	0.324999	1.860216
6616	156.633030	5.738534	0.207856	2.334228
22600	150.902467	47.142238	0.161735	1.412398
2436	126.546209	22.799576	0.335115	2.073611
17653	141.153469	23.921972	0.215878	1.475273
5247	246.693308	20.933740	0.157105	2.020757
15870	142.467474	23.816155	0.211202	1.504418
18468	167.082153	19.233900	0.203084	2.018435
4703	173.045356	41.199173	0.182348	2.153606
3065	119.315041	21.207015	0.257334	1.743130
14556	134.788392	28.687914	0.308151	1.486389
22821	166.993223	48.045108	0.180501	2.719648
11436	143.284234	11.865177	0.177719	1.884983
18243	204.151054	22.038952	0.353657	1.545114
10451	197.014018	7.650656	0.355239	1.095452
11382	218.168270	12.859411	0.330930	1.233093
7277	133.681566	6.877363	0.295383	0.977094
6075	187.756402	3.864546	0.329260	1.463954
20995	194.955031	47.469558	0.317951	1.500725
5829	151.029229	3.592219	0.225147	1.310350
7135	195.359252	5.607288	0.362724	1.344357
12763	220.175933	8.527093	0.318935	2.077441
7051	164.245967	4.824817	0.373795	1.948415
12181	189.334186	8.556759	0.255529	2.252460
20557	230.358345	46.646622	0.271491	2.060050
6907	208.311586	4.328801	0.259062	1.555803
16395	178.891886	22.764020	0.401166	1.453829
15018	161.597506	32.858398	0.376035	0.753797
18297	203.428860	21.434595	0.278141	1.516881
13267	203.612817	16.525042	0.201174	1.740021
16911	195.026571	17.771990	0.223145	2.211776
21562	251.788199	49.367644	0.359244	0.488939
23327	192.299319	55.115862	0.323499	1.204641
15790	181.852138	30.733497	0.213802	1.852884
18149	154.754771	21.517617	0.244535	1.631469
16119	183.706515	28.376527	0.356106	0.894920
15586	206.521992	22.526230	0.413974	1.181773
17461	204.465096	27.351708	0.254444	1.357007
23050	238.747286	41.004737	0.393965	1.210850
22947	182.749151	50.656940	0.380778	1.531071
13506	120.916113	8.220804	0.232842	0.990048
11000	163.079551	12.548213	0.222160	2.025941
15023	147.585469	29.382906	0.252333	1.908773
22792	203.921430	48.532316	0.192465	2.407878
2405	122.559639	22.736756	0.280708	1.492858
6710	193.296331	5.741289	0.240471	1.667503
11474	137.383332	10.245589	0.357010	1.215399
23304	199.525402	46.471249	0.183151	2.016554
20829	230.422474	46.195268	0.373823	1.669272
3951	221.226468	36.077425	0.353278	0.691167
7448	243.485113	7.145704	0.322330	0.895272
5131	178.879092	37.536717	0.163388	2.639877
7019	150.778848	5.586109	0.386419	1.614077
7643	157.145278	5.518469	0.281193	1.716045
20050	177.844977	51.511839	0.334413	1.285322
6676	169.016209	4.756164	0.307114	1.391786
9088	214.493900	41.232074	0.381229	1.645046
3995	228.131689	34.442072	0.345016	1.148074
5977	140.570405	4.137213	0.269019	0.962420
22641	169.789936	51.655334	0.348655	0.373189
19245	250.525351	43.794355	0.181055	2.173999
21299	208.167913	49.404113	0.268855	2.188209
11773	210.584827	15.191868	0.364329	1.733545
18237	216.770290	20.296716	0.328068	0.998988
7183	146.020349	5.442399	0.234848	1.757845
2972	118.146943	24.833543	0.284646	2.027999
9113	232.239555	40.740363	0.389072	1.654763
17605	222.368833	18.022598	0.367177	1.600345
1901	114.139138	31.865657	0.307373	0.981657
21850	256.226779	44.086384	0.401234	1.281879
8579	257.964078	27.019561	0.174975	2.055431
15696	141.543176	21.937710	0.395627	1.633541
3099	122.602962	21.545522	0.312579	1.281410
18661	183.244078	18.048549	0.178236	1.930681
3953	221.977195	35.862353	0.365767	0.855156
4749	177.219231	41.490803	0.391244	1.256976
4537	156.663377	43.051685	0.341290	1.241839
15566	206.929829	26.564233	0.287436	2.159085
20466	211.282995	50.524011	0.260467	2.261338
7065	218.759348	5.616033	0.160804	2.353660
2999	131.866270	31.233469	0.175429	2.408329
2533	126.401322	19.279578	0.300708	1.601227
8649	237.710559	32.918642	0.283745	1.788745
12804	209.437658	14.285061	0.206852	2.174482
16736	167.907523	17.987413	0.379308	0.552322
8159	235.213787	34.101959	0.232345	2.261313
12807	211.385212	14.189758	0.293726	2.128909
23061	212.126204	50.958297	0.317141	1.252414
19844	150.010385	50.251135	0.225767	1.129030
3623	154.677829	39.528580	0.296567	2.059789
20657	245.651321	40.390512	0.405449	1.559296
9879	253.994302	36.406681	0.167954	1.655943
661	214.823968	-0.194721	0.358269	1.428528
7668	147.876545	6.468489	0.328848	1.315921
3257	117.985290	17.830634	0.187858	2.149797
7754	223.822116	6.518953	0.312040	1.257439
3120	127.798636	23.410577	0.218631	1.815926
4723	172.217021	42.261059	0.411129	1.360567
20971	205.075834	44.851802	0.315445	1.719092
21367	230.296235	43.847372	0.239052	2.355366
17360	188.027119	33.248031	0.405880	0.400421
6225	124.706687	4.626705	0.254090	1.566104
16054	138.061354	18.153786	0.388243	1.705582
6625	149.708054	4.503989	0.295112	1.229438
19248	249.350742	45.764129	0.365084	1.118735
7976	256.252666	36.850045	0.278996	2.068017
11779	227.404349	12.023252	0.299712	1.682739
7685	129.789979	6.594332	0.403983	0.901997
6674	167.037592	4.472051	0.353504	1.564009
2460	128.333008	22.153679	0.297419	1.742305
12968	130.703545	15.202999	0.158002	1.779787
11007	179.761458	13.016646	0.299314	1.596661
17992	170.848166	27.856399	0.282495	2.146815
4159	171.950668	38.770811	0.344903	1.445096
16802	194.728590	19.881611	0.350663	1.483919
9197	124.739747	57.893455	0.325504	0.424785
22994	196.828239	54.431626	0.346479	1.356054
10573	150.828727	8.494208	0.234307	2.537475
17564	219.839946	23.730194	0.159571	2.501401
2517	126.278205	18.190172	0.312443	1.627881
8574	247.550284	33.104751	0.413259	1.255750
9640	134.902658	25.834958	0.319173	1.293401
10875	175.403529	11.189876	0.171920	2.493990
5677	181.662968	4.026163	0.225190	1.051264
255	216.632414	0.950925	0.326367	0.787269
9922	247.588655	36.313782	0.167739	2.030425
23504	175.094014	44.404402	0.383840	1.018692
14229	148.677924	63.239858	0.293704	0.418246
2214	123.345167	28.395343	0.348298	1.357513
13145	228.708280	12.242279	0.184101	2.649337
5065	162.576254	35.865271	0.378375	1.470200
3331	134.710581	38.527051	0.409395	1.373013
17295	197.343157	30.189651	0.341387	1.658948
16559	170.048395	23.010101	0.415453	1.231551
4346	180.612573	34.194483	0.288072	2.394596
17965	148.243729	22.444248	0.263214	1.672968
20141	161.125294	45.984445	0.332793	1.008174
5214	182.343496	31.462726	0.358000	1.257885
13088	219.346041	16.890814	0.263871	1.645741
14552	134.781408	24.177278	0.351158	1.205996
18002	166.981347	27.454368	0.326753	1.462008
8556	258.160754	29.743321	0.198067	2.191421
15613	224.461344	20.134632	0.341385	1.151220
2282	120.058840	24.910561	0.390490	1.434059
18175	158.840534	18.938629	0.160020	1.655160
5217	178.828786	31.749128	0.222271	1.836594
16612	169.095547	23.796866	0.321736	1.763604
6437	181.435456	4.541439	0.161641	2.359370
18712	149.424417	51.756982	0.250423	1.204490
16141	179.693356	24.310135	0.360976	1.383499
10238	241.866174	10.625788	0.278165	1.766984
20203	194.558499	50.207757	0.416321	0.845415
9689	133.211290	30.316700	0.203425	1.769224
22377	217.619547	58.470586	0.161323	0.865956
21188	189.947885	46.115684	0.338283	1.861870
18879	250.652230	39.493918	0.355595	1.470417
3456	145.813903	43.553230	0.408234	1.126211
12874	158.680736	13.458435	0.203971	2.258731
12648	187.986741	7.560149	0.401290	1.823771
694	222.953408	1.599300	0.413754	1.348105
11490	182.273999	15.070917	0.274611	1.833709
11534	182.937607	16.154119	0.266107	1.653017
17445	171.443944	32.124537	0.206388	2.069486
16346	158.429154	20.225879	0.405449	1.209438
5916	146.025281	3.800888	0.280306	1.699862
12967	133.661452	18.442488	0.186565	2.615142
5743	222.968338	3.475443	0.367722	1.629660
5202	179.337513	35.630713	0.189298	2.498387
4021	231.665248	32.229609	0.329840	0.729428
17168	162.942264	32.946999	0.371116	1.547964
5557	185.192555	2.517249	0.406793	0.995343
11863	159.177628	15.405388	0.257544	1.715239
11665	135.562274	16.355079	0.340970	1.172202
2962	116.834924	23.301344	0.278886	1.242147
15608	210.733235	22.857132	0.417627	1.029865
4482	139.005249	38.148667	0.395561	1.380009
7368	242.654567	7.418452	0.260871	1.521572
18197	204.695730	21.060591	0.170227	2.142768
13416	161.663020	9.149442	0.223180	2.319853
17990	164.780027	25.924644	0.406799	1.554583
2011	116.942756	28.916469	0.260041	0.699030
12537	197.428633	11.280442	0.382724	1.596798
23180	234.241955	49.203162	0.297118	1.376707
15724	173.591331	29.048595	0.336038	1.685913
4785	164.589547	41.667361	0.323910	1.329289
7695	137.200938	8.240107	0.227536	2.172414
6380	145.724240	5.349229	0.383832	0.961327
17259	201.383862	29.558990	0.233029	2.116824
16281	177.890311	24.216422	0.354117	1.601549
17529	223.734031	24.136558	0.161977	1.704013
20328	178.711315	49.728359	0.284394	0.970284
10355	147.267586	7.885092	0.164726	1.647969
12227	175.469907	10.204597	0.324432	2.080195
16496	157.642845	20.557316	0.390137	1.520745
15906	155.006061	30.274653	0.393932	1.048926
12215	152.685684	9.109630	0.263862	1.936649
6759	200.632825	3.616969	0.299108	1.307632
9829	249.184543	36.140871	0.323284	1.530294
16036	172.148328	25.360238	0.343170	1.893219
1181	245.452998	15.839998	0.306149	1.714791
14562	135.120027	30.956894	0.263739	1.128165
10696	175.767602	10.684658	0.281301	1.851188
18129	151.683759	20.755188	0.253453	1.614076
15639	146.028923	25.600109	0.375092	1.333363
12640	181.654966	8.661317	0.331908	1.605199
5166	181.833630	34.432545	0.229492	1.997558
1103	252.416471	17.164390	0.310079	0.739428
18785	170.387190	44.134189	0.192747	1.425779
6032	219.604093	3.577225	0.291790	1.688528
13367	145.498999	12.628845	0.180721	2.203916
17812	155.710311	26.748679	0.161984	1.759165
7911	257.224842	24.296457	0.224263	1.325386
2446	123.461540	21.495799	0.386689	1.439678
7050	163.705148	5.988175	0.369227	0.727016
6559	183.384728	3.967159	0.352095	1.608260
20691	191.318883	50.377156	0.358913	1.514206
16709	198.635414	19.627513	0.408302	1.404783
835	234.714460	2.980057	0.164267	1.809607
21196	201.246104	50.642568	0.275943	1.077514
4542	140.142082	37.282208	0.233407	2.033887
14772	137.402598	28.634853	0.370510	1.673869
8590	245.764687	26.654590	0.424964	0.692563
8765	260.010065	32.542132	0.224162	2.289008
7148	201.471264	5.300460	0.292553	1.702038
10534	191.678506	9.044409	0.340139	1.796035
15751	156.077836	27.076588	0.360244	1.169217
5964	158.344163	4.573489	0.156406	1.657438
10141	242.399564	11.314314	0.342092	1.455403
8979	129.962246	45.065826	0.373503	1.646621
12445	132.536323	10.178628	0.361411	1.936310
8928	128.616273	54.026776	0.345781	0.453153
16128	192.638545	28.536337	0.404121	1.379539
12779	189.020167	15.793647	0.389427	1.649077
5008	223.048357	34.802495	0.370893	0.363504
12601	189.606086	12.850309	0.252846	1.854866
3482	134.585522	35.049151	0.412063	1.239891
23518	208.325577	41.723195	0.313952	1.499973
20685	191.351153	48.892079	0.283368	2.444364
743	213.969236	0.713908	0.259624	2.067961
11771	208.167322	15.287131	0.307788	1.684697
11879	158.173238	15.821501	0.376446	1.588100
16624	203.190879	24.613449	0.327498	1.563818
932	202.596766	-1.731857	0.240522	1.445379
12270	169.281588	9.267707	0.222653	2.486895
16846	174.517510	17.178875	0.298943	1.385795
12943	188.453904	15.327564	0.285779	1.374520
16040	142.198678	19.409819	0.192524	2.458263
12728	217.986199	9.432306	0.309019	1.581715
7580	165.972569	6.070350	0.246028	2.003008
16345	156.515255	19.618303	0.405920	1.432720
5857	157.703417	5.348775	0.192069	2.058696
3022	118.246336	20.907730	0.162556	2.280965
5076	181.814198	38.684305	0.347889	1.979933
18407	216.009686	21.815997	0.195134	1.816138
17233	186.021069	30.515819	0.220875	1.909147
14816	147.174658	30.045780	0.158057	2.402211
216	199.674257	1.977450	0.271307	1.298612
14096	148.718708	46.295608	0.332069	0.956835
11253	217.657719	7.729377	0.339861	1.330382
11986	143.867621	12.416922	0.333827	1.050801
10499	165.348810	7.605890	0.386967	1.256342
12375	141.275631	11.583188	0.228245	2.476868
10471	223.679620	9.239749	0.163351	2.464372
19239	247.105395	45.755645	0.276221	1.556972
23214	174.636220	48.668463	0.259838	2.041966
16518	150.675743	19.371340	0.247851	1.350171
6730	218.319935	3.652382	0.157978	1.644510
14798	139.255841	26.728940	0.338481	1.372016
16602	185.323113	24.427882	0.375858	1.355442
19853	182.177939	54.850291	0.294585	1.568208
10049	243.082714	8.381517	0.419809	0.597778
4123	170.161844	35.736737	0.351495	1.273937
21137	180.790836	44.370900	0.406939	1.225107
21360	227.931718	42.343020	0.352015	1.797948
16319	174.587310	25.296300	0.299380	0.806463
907	203.349740	-2.258888	0.177768	1.280478
16365	152.313655	19.061924	0.301913	1.903774
11263	206.579266	9.590397	0.213631	2.160498
10766	159.467591	12.796474	0.417880	0.821283
14285	133.879948	48.250730	0.184727	1.927556
18125	146.537211	20.084171	0.212372	1.779048
12916	172.230304	14.495372	0.205929	1.656654
21222	210.079797	50.072555	0.214120	2.316065
1250	245.648800	13.985229	0.353704	1.392072
17223	212.745591	29.743388	0.173744	0.761797
151	222.035259	0.793573	0.308346	1.385264
10834	171.209888	14.612735	0.226708	1.782353
18519	195.740311	21.061644	0.192871	2.705208
23624	195.724620	51.262853	0.277919	1.442084
16865	184.167487	18.185481	0.315495	1.478826
2756	115.269412	31.793321	0.398397	0.537345
14793	148.788260	34.272901	0.359742	1.736756
14727	140.718596	28.958742	0.337038	1.055673
12167	179.872617	8.848268	0.293966	2.054586
11393	217.217883	13.538461	0.324359	1.294272
7641	146.259247	6.518364	0.293415	1.226756
21161	180.294112	45.155918	0.359428	1.548597
16813	191.904621	20.157795	0.254489	2.023276
16981	153.193426	34.045995	0.317861	1.392932
14040	135.930530	44.570470	0.184329	1.639201
10612	189.021651	10.609401	0.290021	1.901357
16668	185.972658	19.983995	0.222598	2.383024
12423	152.045169	12.710172	0.371533	1.515495
15744	140.167893	22.715358	0.407300	1.559739
9438	224.892168	37.940161	0.195366	1.952436
13285	138.175815	13.964593	0.180215	2.315516
11844	210.887452	16.366495	0.372128	1.312850
6675	169.146834	4.826459	0.304979	0.983762
11899	164.345918	16.717797	0.304082	1.839974
13328	138.350615	10.986600	0.400002	1.455347
14756	158.402938	34.094952	0.415479	0.986244
17420	170.644137	30.639126	0.345728	1.523644
1064	223.179616	-0.339608	0.314618	1.720726
16062	145.042058	22.600199	0.226580	2.253878
13210	221.736943	14.439931	0.309276	2.282805
7353	206.410042	7.423724	0.251200	2.479027
17512	195.709088	28.946051	0.386090	1.551025
870	215.251584	2.261717	0.377159	1.407892
13401	156.518183	17.015785	0.366626	0.935185
18756	175.492981	42.476747	0.398014	1.279330
9615	135.523373	31.367620	0.275346	1.152944
1053	215.517241	-0.940685	0.277186	1.427796
12905	182.964509	14.633035	0.157700	1.832695
12689	212.009567	12.172119	0.249569	1.902572
17122	167.267554	31.686384	0.165450	3.152212
17197	207.895383	29.416963	0.249970	1.003559
119	228.361689	0.582390	0.207806	1.770199
8663	247.141005	28.244116	0.220137	1.980593
709	217.494960	-0.725155	0.404420	1.519992
10848	157.436096	13.924114	0.318589	1.885144
6216	140.544568	5.587514	0.261366	1.580260
9349	133.913244	55.671762	0.244968	0.670325
10493	230.841054	9.530842	0.298909	1.994779
12524	139.291600	10.726997	0.182552	1.783291
14561	135.411154	29.488587	0.262577	1.990938
5853	145.420373	4.075063	0.348939	1.122372
12694	192.573417	9.013493	0.248153	2.185851
18635	170.296508	17.950111	0.165376	2.342973
17289	168.084892	29.090827	0.230943	2.786537
9907	243.002229	38.329860	0.352776	1.280508
7800	242.730353	7.321113	0.311956	1.308814
10892	170.832994	12.864536	0.241983	1.398446
10655	144.441929	9.120357	0.287019	1.551078
20459	203.257032	54.016818	0.384824	1.056877
12408	184.498280	15.917478	0.161425	2.220161
11568	133.336833	16.013992	0.324845	1.021093
9588	132.759290	31.422209	0.362468	1.217881
5769	126.323314	1.814248	0.214596	1.912669
8516	258.479086	35.598171	0.335580	1.629821
18225	181.960557	22.403404	0.257190	1.509048
4786	172.050996	42.254733	0.350489	1.268163
8598	230.164479	37.449209	0.189943	2.986552
14672	164.664201	17.168684	0.412465	1.628178
11845	210.473028	16.678418	0.221851	2.272712
6126	226.986904	4.578652	0.338728	1.395748
11267	213.337267	9.754343	0.359004	1.826567
341	231.545207	2.475058	0.299829	1.429395
8104	256.814483	25.619905	0.330798	1.225939
288	209.860678	2.707607	0.250645	1.320481
23255	181.497694	55.571887	0.409597	1.012969
14526	216.706501	17.102114	0.392265	1.844078
990	207.275457	-1.259016	0.327352	1.397522
5181	172.048634	35.939999	0.225880	1.331711
1072	209.110995	2.059791	0.263761	1.617206
3344	135.071469	39.374514	0.334837	1.762291
16471	189.698148	22.628100	0.256957	2.072531
16723	206.939300	19.698235	0.307372	1.599026
11483	205.941952	13.105467	0.391231	1.541807
4532	140.674100	39.543480	0.317353	1.189384
16658	188.499452	19.580084	0.229097	1.040610
23201	170.592607	46.459093	0.313656	1.489820
23610	215.022671	42.009802	0.249508	2.354998
5655	146.548422	2.228151	0.289337	0.646993
17296	198.426553	30.737386	0.405647	0.817050
20785	197.473252	46.673666	0.220781	1.817170
5115	171.094381	35.479780	0.276696	2.180841
12636	193.093667	7.478873	0.333006	1.531486
2827	114.299887	32.112338	0.194368	0.914063
11456	159.727855	14.545694	0.270791	1.913763
20748	185.697113	48.423235	0.271363	1.545705
13180	228.146594	12.762596	0.267109	1.814737
14829	137.273252	33.462349	0.397088	1.595161
18217	148.422249	18.491964	0.254037	1.813847
16307	171.636130	24.763217	0.418516	1.014703
18298	203.963716	20.401041	0.190147	2.061465
16457	157.745511	20.043413	0.165758	2.331161
3737	214.094834	37.783834	0.335207	0.562625
14203	137.459034	55.116695	0.181777	0.256575
6103	194.884958	4.080690	0.242236	1.518047
15418	198.329692	28.482175	0.390187	1.720889
7679	132.430265	6.667361	0.224765	1.274791
18553	171.168842	21.146195	0.164077	2.462764
9975	240.132519	38.549031	0.305287	2.048907
2482	117.676789	17.058202	0.412897	1.409016
15177	197.301608	30.828040	0.393486	1.136786
21109	171.389924	45.268602	0.416283	1.327049
12969	130.871372	16.005547	0.184088	1.924782
17636	223.695737	20.859508	0.371058	1.140543
18253	175.547213	21.012281	0.164187	2.919640
17284	192.634634	30.744269	0.302389	1.766179
23097	226.517014	51.255267	0.265359	1.561721
22295	249.716217	42.827686	0.231037	1.844891
16010	153.126400	25.075061	0.180476	1.438978
16308	155.350972	22.673705	0.410897	1.605305
1086	250.013296	18.094760	0.163981	2.324893
18859	212.328637	41.330693	0.302311	1.576105
17820	184.016685	29.904933	0.214404	1.825430
17244	199.172612	30.774402	0.416052	0.908804
11347	201.552933	14.845005	0.379410	1.836046
19933	182.668281	51.900125	0.284511	1.334623
13141	226.137689	14.508242	0.268279	1.610615
18695	197.901779	44.078772	0.246496	1.749415
16418	180.190488	22.265935	0.264612	2.242084
20361	188.312579	54.187031	0.278946	1.657662
20687	205.154995	47.280189	0.396383	1.268628
16400	193.797112	22.551386	0.409070	1.530787
7077	142.819481	5.218520	0.354943	0.357103
23299	197.340006	46.123810	0.178929	2.469987
6685	147.789684	4.002625	0.346592	1.258159
7937	244.610073	27.696638	0.183027	1.903208
838	215.609639	1.543749	0.168257	2.762495
20186	201.873274	48.209157	0.277998	2.223773
23321	207.807214	46.171397	0.245640	2.381000
5229	180.701214	31.344390	0.168069	1.705338
23341	195.754366	56.183762	0.344852	1.015305
8309	242.709349	29.368484	0.278201	2.120007
3475	135.795356	35.477133	0.347744	1.588783
16461	163.512611	19.627422	0.169878	3.030959
15386	201.670406	28.842867	0.275484	1.929959
2521	123.355656	16.142614	0.406922	1.680505
23386	213.854314	52.930058	0.415750	1.151150
17013	150.619232	30.847669	0.341841	0.974706
40	197.661758	-0.687200	0.417929	1.079207
21303	226.570489	43.476371	0.211840	1.892630
7290	145.444136	8.205192	0.338165	1.344295
17933	174.575626	28.578727	0.287998	1.953804
3135	126.249183	22.150003	0.280006	1.544872
9104	220.584535	37.242302	0.332095	1.152812
17622	215.791207	22.142843	0.338361	1.232742
1689	250.481492	23.559954	0.212799	2.157672
9906	243.199977	38.600733	0.348566	0.940665
22131	254.169479	41.837132	0.315888	1.293801
9818	248.808733	35.745299	0.366822	1.377169
4349	175.841840	31.321712	0.230258	2.210803
1577	253.992695	20.337189	0.386830	1.263860
18282	162.420772	21.560115	0.187829	2.565935
17510	223.536319	23.733623	0.183217	1.871508
10950	206.000782	13.497252	0.276442	2.039199
8723	246.752029	29.817688	0.218628	2.144316
3088	122.511889	24.561401	0.305379	1.888920
13104	145.210036	15.273481	0.170017	2.193008
1246	249.049041	17.154589	0.352707	1.607543
12966	132.287804	16.824671	0.374756	1.727732
12600	188.707420	13.512826	0.347358	1.583882
6992	196.928390	5.016708	0.410296	1.673515
13977	140.627452	47.369802	0.380302	0.160817
15192	202.399902	29.853237	0.242243	1.428936
8602	235.552725	34.698851	0.191927	2.042562
1641	248.987982	24.525139	0.193437	2.110771
22343	227.421167	52.804159	0.163170	1.522045
17050	143.024886	29.320039	0.302581	0.669196
12882	169.249927	14.948271	0.417570	1.056353
16531	217.733325	19.800717	0.282847	1.739006
1958	115.206481	34.746967	0.247363	0.358845
22655	175.872822	53.246059	0.364614	0.799303
16512	214.429381	19.368630	0.365054	1.472124
4161	163.572071	37.578593	0.368072	1.237868
16108	184.337636	27.835914	0.184435	1.382891
17936	183.637653	27.823698	0.332367	1.256354
3516	156.537861	43.568712	0.356587	1.390817
22244	247.810381	46.453508	0.264316	0.980816
22923	179.459270	48.283333	0.279246	1.463904
23558	199.789162	43.113101	0.179486	1.890694
4168	179.356388	39.493818	0.417742	0.863092
12649	184.859749	8.080183	0.344098	1.848064
823	226.327537	2.453865	0.218357	2.129003
8042	258.428843	29.594084	0.419465	1.263033
12541	216.202436	10.103959	0.322807	1.433086
16789	181.759573	19.546150	0.203317	2.518074
23466	189.211339	46.664203	0.263090	1.386743
2211	116.284234	21.512137	0.282722	1.411286
11528	210.208224	14.983145	0.412961	0.878764
10897	181.912005	11.972209	0.295754	1.073101
18358	222.669544	18.637470	0.331116	1.258342
3427	131.887716	35.175018	0.410380	1.165006
6571	224.308493	2.391812	0.205726	2.165937
22603	161.358911	49.436347	0.174467	0.579037
9669	131.707402	30.489728	0.194083	3.182723
18176	168.849335	22.128679	0.165256	2.282959
10989	207.171300	11.722405	0.398589	1.296723
14732	144.290264	31.996480	0.383095	1.691569
17467	225.016014	23.810939	0.181315	1.248114
9061	225.823085	39.798065	0.341690	1.150191
2976	127.852602	32.020226	0.261876	1.526951
23618	206.267694	49.175097	0.276620	2.146569
11982	142.631095	12.441780	0.346456	1.526102
7612	161.832015	6.302599	0.306184	1.151919
5198	168.611642	33.525056	0.253673	1.554877
12558	181.078257	12.068125	0.311000	1.539692
11594	224.163176	16.474881	0.224626	1.102050
6982	165.737429	4.569356	0.304493	1.457612
20497	208.893043	51.752427	0.164566	1.740769
12094	136.715987	12.917042	0.352166	1.646279
6244	126.082259	4.778240	0.215104	1.590563
4808	173.179512	39.113422	0.228422	2.491886
2181	119.974290	27.370181	0.291717	1.137884
696	228.337392	1.537819	0.212071	1.988943
16495	154.039332	20.204001	0.413595	1.525325
12614	185.325861	13.736523	0.347690	1.125767
13275	135.684726	13.484958	0.312380	1.605127
4829	174.028424	40.205486	0.313353	1.802931
2632	126.190660	15.335060	0.288511	2.276215
12343	157.910542	11.831824	0.237310	2.410410
3325	134.265840	44.058600	0.335562	1.809361
2355	118.164509	21.558741	0.402398	1.697660
16677	190.151989	20.598068	0.372375	1.589976
1676	255.833701	24.583965	0.302214	1.808407
14848	148.606785	30.190902	0.409636	1.128825
1582	248.779566	26.390927	0.225758	1.779909
6861	192.559764	4.085241	0.383030	1.513815
16962	139.928396	30.086513	0.317512	1.472164
218	201.605565	1.651230	0.348653	1.386429
10146	236.633459	10.850174	0.240832	2.036420
9134	129.903296	59.185190	0.408043	0.791061
20726	179.917566	46.578801	0.151173	0.313231
14608	188.227140	16.955645	0.380958	1.226715
18486	187.257770	20.808010	0.159417	1.766411
19240	246.697478	45.890337	0.266008	0.863677
6227	125.208740	4.467549	0.380223	1.490735
11897	163.477243	15.299726	0.349456	1.599108
7779	231.727189	7.306506	0.395227	1.905703
13412	164.106104	8.574966	0.167217	1.957530
22826	195.952919	50.047013	0.337027	1.499513
12795	222.537273	11.967613	0.314889	1.783066
9084	218.221234	38.447501	0.343495	1.312178
23067	210.729791	50.963230	0.238095	2.282840
4600	154.685989	37.714728	0.203473	2.292821
22464	245.303355	44.962418	0.217053	2.113648
17487	195.228777	29.685075	0.167324	1.801884
1766	253.169637	24.925672	0.210922	2.386469
20401	210.438217	51.452171	0.321813	1.852879
16093	173.368633	27.968688	0.423992	0.701629
6997	181.329000	4.844547	0.331496	1.457949
7836	239.554340	12.199074	0.371193	1.064066
3446	133.057374	35.679848	0.372061	1.606262
13338	152.265852	13.999586	0.392468	1.439113
4755	206.198520	40.678867	0.219854	1.429804
3671	232.941496	33.509546	0.321677	1.259301
15800	181.112608	29.617825	0.357852	1.048141
5798	142.145505	2.246344	0.418449	0.247889
4640	171.788864	42.364093	0.195485	1.898677
23459	185.356733	45.850010	0.189244	2.432688
1723	253.659832	24.389465	0.364182	1.322436
13315	138.133139	9.601290	0.159017	2.520084
18802	178.880267	41.397540	0.311900	1.247990
10841	140.703894	11.199607	0.353454	1.432613
13327	136.456209	11.382413	0.367035	1.414852
10363	188.700313	7.085286	0.331692	1.287414
23599	174.786265	45.205795	0.163359	2.852377
6718	214.232199	3.970172	0.182981	2.736780
16451	190.820143	21.472928	0.264516	1.794909
13119	147.598298	15.857512	0.385159	1.112047
3335	130.991102	35.081729	0.288755	1.166792
23030	214.236338	49.805151	0.191912	2.022866
1295	242.348701	13.048288	0.408430	1.152636
22805	178.587441	49.520090	0.346645	1.624867
11116	196.220314	8.960540	0.318797	1.303862
10370	206.539909	6.899238	0.373804	2.052728
23305	203.938256	45.548908	0.315077	1.170778
8683	234.580605	37.853425	0.160165	3.064343
16776	198.648555	18.113972	0.406017	1.039946
17354	209.815919	30.435139	0.205776	0.411540
18544	173.118795	19.362726	0.212717	2.337236
331	234.647762	1.840936	0.393658	1.551062
13443	203.500426	8.469667	0.392143	1.867394
4540	162.853415	43.188258	0.231555	2.294127
15803	188.803701	29.292150	0.228188	2.026730
10743	148.036314	10.269510	0.166013	2.294488
15009	157.590125	31.776660	0.236815	1.726124
12438	170.155900	14.957950	0.163434	2.118321
6953	127.668441	6.400457	0.307458	1.757152
12239	169.878970	10.860589	0.198210	2.622697
15890	157.808058	28.294997	0.406087	1.161927
16820	179.218183	19.078293	0.384515	1.729260
23490	187.946323	47.852949	0.412965	1.360503
4155	157.866872	36.038342	0.398650	1.189128
14598	209.182128	17.790125	0.232801	2.671546
12793	205.506010	14.086075	0.154484	1.734437
8720	237.384155	36.654117	0.235342	2.600777
19650	229.207923	52.071087	0.337471	0.959590
4631	152.154165	39.713722	0.200667	2.383923
49	233.275554	0.261227	0.399752	1.296257
25	215.680249	0.455785	0.194497	2.072578
18410	219.436329	21.216590	0.246692	1.765299
4733	199.542750	41.336696	0.319308	1.221488
19261	252.719272	43.338129	0.164334	1.336453
5210	179.735427	37.013687	0.212533	2.191240
237	233.844787	1.096835	0.309239	1.305639
2400	127.319095	25.815773	0.380700	1.972740
15984	166.117013	25.934509	0.323205	1.304936
15176	195.832255	31.551999	0.387834	0.914570
18676	228.759228	43.391062	0.385488	1.820742
3273	116.200332	32.731781	0.218860	0.241610
13465	127.605250	8.797514	0.316325	1.155471
5067	166.182059	37.203272	0.160419	2.368190
7609	217.780678	6.868141	0.352668	1.255154
16430	217.983517	20.077306	0.328161	1.222866
7256	146.408812	7.082301	0.335349	1.259550
5932	165.695055	4.489293	0.330129	1.401980
1469	245.414497	14.332329	0.201417	1.623719
10518	177.170673	8.637531	0.411472	1.938793
6765	201.130515	4.744843	0.246239	2.097785
11011	204.678437	11.253016	0.385626	1.152499
16994	145.968042	29.877860	0.155036	1.306943
20584	217.696509	54.341520	0.347334	1.383585
22680	151.792473	45.619445	0.193324	2.032420
8731	235.372576	32.984974	0.196663	1.574982
19864	182.744393	55.712790	0.383035	1.032943
4010	234.815064	32.406173	0.223168	1.415905
220	207.871115	1.745260	0.411760	1.355970
7938	243.618705	28.547732	0.173104	1.940102
7744	239.988277	7.078671	0.163540	2.076111
2840	115.484851	30.576164	0.290487	0.521749
22463	249.775708	40.521932	0.270040	1.983277
11634	144.084902	17.360523	0.256278	2.398291
842	216.286743	1.329421	0.301871	1.618877
20045	163.140103	48.813381	0.170650	1.427859
14902	157.519845	32.655038	0.340137	1.954378
15043	222.755855	25.723743	0.305694	0.911970
10872	169.926056	11.518731	0.244644	2.163650
18863	231.332340	42.506267	0.352116	1.857586
14797	137.376165	25.942801	0.382195	1.534575
4731	194.082116	41.473791	0.387047	0.753631
21138	180.701260	44.388111	0.221866	2.266528
15153	211.640634	26.910811	0.165973	2.176002
16834	176.631280	17.451669	0.290079	1.650305
16434	168.293636	22.517041	0.359397	1.489397
13617	133.133890	54.246741	0.409898	1.061052
11385	225.734445	11.706916	0.346108	1.427666
718	218.431547	-0.194870	0.229863	2.110722
6844	179.267541	4.039545	0.301343	1.978933
20572	231.871608	47.427204	0.312103	1.839596
13007	147.459246	17.371469	0.397812	1.155192
10011	232.678793	6.981190	0.327737	1.765501
8841	132.450208	53.012846	0.411730	0.945810
5180	172.163865	35.485679	0.161504	2.339294
3184	125.828653	16.105024	0.155456	1.885176
16034	166.768931	25.690827	0.348269	1.489860
14724	150.444107	35.151748	0.365450	1.329919
5040	211.077148	38.603667	0.209027	0.573459
18218	149.771291	19.270597	0.316320	1.238722
9590	132.372398	31.918433	0.245787	2.430577
3640	146.138996	38.313227	0.351894	1.416797
7752	243.411242	7.814380	0.338264	1.108298
16749	160.584507	18.361578	0.303422	1.783890
1155	250.104179	16.734287	0.239474	1.785427
20127	189.586323	48.845563	0.369420	1.161527
4901	230.568905	32.343745	0.313398	0.760820
2655	128.181272	12.782876	0.272209	2.017035
12108	136.933982	13.059556	0.407682	1.733196
11180	186.722499	9.193747	0.401710	1.556371
6391	142.335748	4.039951	0.244560	0.824265
9941	248.066039	38.197587	0.163866	1.969649
9821	250.608196	33.297354	0.354445	1.425336
18030	190.305879	26.996210	0.198122	2.077947
2426	126.639490	22.703112	0.387953	1.750496
18461	183.965990	19.423222	0.153250	1.259550
18566	190.122766	19.006060	0.324101	1.805188
16876	191.998505	18.566397	0.236508	2.055324
23159	227.422123	50.625734	0.213058	2.241292
22329	226.002464	55.312177	0.253613	0.225817
13411	162.196807	7.889274	0.167115	1.381562
1699	253.138063	21.621885	0.193827	1.795807
4705	175.913627	41.059315	0.254442	2.028562
12690	184.907041	8.841328	0.252427	1.621786
15989	182.919315	27.143741	0.357146	0.897936
4086	242.540156	26.885837	0.271553	1.138209
23027	202.881936	53.317100	0.163454	2.567790
4418	132.195226	42.437660	0.152869	0.892507
2449	128.488748	25.828545	0.269996	1.588132
18418	196.886035	24.583716	0.312705	1.623558
7604	223.422822	5.816891	0.305727	1.277865
13435	201.413417	11.321091	0.199662	2.728038
17068	168.356347	33.590713	0.210969	1.587970
925	213.589171	-1.546206	0.294069	1.306377
8290	234.182197	37.582989	0.385837	1.775545
11231	197.192281	10.850705	0.421375	0.981808
13345	143.648690	13.231421	0.258122	1.699413
17976	149.660071	23.074950	0.194734	1.558077
13190	206.881158	15.823893	0.365591	1.311513
7635	152.022528	6.526508	0.162197	1.607090
6687	149.574512	4.103275	0.217355	1.647304
15879	174.675447	30.597638	0.208536	2.352901
7161	224.970921	5.752033	0.333625	1.432025
1803	247.320650	23.258421	0.337570	1.005658
15452	211.734841	27.461004	0.351980	1.981777
715	216.299693	-0.293867	0.306223	1.086495
21086	173.864800	45.302826	0.347900	1.452062
3208	125.894306	15.062595	0.344918	1.434959
4371	131.053170	43.805795	0.303519	1.744629
17018	151.072927	31.046435	0.327631	1.354711
2314	123.073375	24.873578	0.272916	1.150332
16849	173.476608	17.759022	0.396090	1.630763
668	228.076433	0.433703	0.265957	1.714348
20135	209.875496	46.865929	0.356551	1.465206
6634	143.867191	4.165206	0.244626	0.971872
3617	159.757759	41.670872	0.339890	1.399677
7506	237.713225	11.275940	0.222991	1.286503
14501	152.831364	18.153664	0.398133	1.611331
4648	158.546196	42.173193	0.162261	1.828712
16854	175.142037	18.074566	0.357583	1.826201
11150	214.638212	11.130212	0.322155	1.481167
7708	123.701409	6.074927	0.367754	0.981474
18629	175.379170	17.676256	0.185996	2.911732
7902	231.783270	35.035482	0.250292	1.176853
18255	183.538837	21.323054	0.307430	1.401347
8586	230.427172	36.389038	0.228719	2.093778
15455	224.399647	24.230597	0.341359	1.183878
12832	220.735474	12.911161	0.159470	2.261115
8214	246.370986	34.010475	0.213164	2.293890
21020	181.887277	48.590443	0.275414	1.447664
15844	138.454509	22.244266	0.402329	0.984476
5199	172.813603	34.897250	0.201568	2.065240
17951	199.481920	27.873245	0.189558	2.811746
17954	146.390672	20.956890	0.320607	2.153931
8525	257.908831	36.357561	0.165241	1.803715
13212	226.599328	13.460559	0.178627	1.412936
5043	168.884386	36.012313	0.388021	1.725234
16254	150.399899	19.530757	0.298018	1.593893
18532	160.122794	18.115356	0.167843	2.122355
21145	210.062350	41.469728	0.249146	1.936309
15120	187.484799	31.106595	0.409450	1.478103
11722	147.098395	15.480890	0.334733	0.973118
1179	245.754057	17.151612	0.384841	1.190870
3026	122.153893	24.876301	0.326964	1.676413
1761	251.621836	19.959765	0.195674	1.498648
23306	205.786480	44.722874	0.167654	2.129034
12741	200.319308	8.147523	0.226686	2.563773
5801	144.555569	2.578092	0.223876	0.557903
18215	218.970252	18.790052	0.320159	1.335147
19000	220.377915	59.203889	0.350577	0.934101
3865	172.161075	40.498544	0.289377	0.736580
12141	164.275025	11.630626	0.422730	0.884308
14809	146.518052	30.350242	0.353580	1.698816
5046	176.443448	35.990693	0.354194	1.004868
6829	230.649868	5.121367	0.402208	1.290762
18563	184.102618	18.640188	0.357659	1.894412
8564	258.441842	28.089227	0.254311	1.904600
11303	193.510685	15.990710	0.406566	1.222630
7771	215.937759	6.931555	0.347465	1.557407
4251	181.342274	38.302531	0.218127	1.605716
18372	213.295079	21.353732	0.156879	1.992046
4297	173.413402	36.075091	0.255402	2.072164
20491	236.722935	41.550216	0.219215	1.707870
3214	123.096123	13.213571	0.188703	1.863137
9078	220.259127	40.187524	0.216762	2.349979
3707	171.637639	41.704663	0.290823	1.936492
8192	236.154579	31.813875	0.378858	1.355846
7765	204.948330	6.798721	0.326556	1.272382
13456	127.024079	8.133095	0.319091	1.492428
1012	235.830316	-0.183362	0.365691	0.696311
20521	225.319699	48.968273	0.269688	1.809482
11168	227.987991	9.804550	0.384897	1.331310
15861	167.918474	29.494360	0.338094	1.549003
17993	171.319232	27.796074	0.171820	3.110038
21016	218.618160	42.397509	0.248372	1.953083
17299	163.673501	30.308860	0.243988	1.893934
1509	252.239845	29.647755	0.411439	1.171594
21040	213.818890	45.019624	0.397605	1.576908
12808	225.461630	12.572924	0.301072	1.718675
15513	222.214260	23.574660	0.272877	1.967322
7055	198.359601	6.200757	0.360382	1.420197
3660	154.145574	40.143976	0.412822	1.224152
2820	119.118486	18.658234	0.411263	1.420814
17815	160.008575	28.329555	0.244141	1.473925
6250	124.919709	5.514125	0.400545	1.476899
11974	150.755563	13.317566	0.341698	1.452515
14457	179.225498	31.748523	0.415805	1.295089
7449	243.957855	7.528503	0.345184	0.776584
18841	227.197528	40.516840	0.338422	1.639055
15868	136.184791	21.912833	0.229687	2.309314
1242	245.284962	18.111217	0.386994	0.945282
6796	147.678575	5.193795	0.201313	1.762945
7582	178.029666	6.266253	0.389535	1.646515
10376	196.167637	7.869171	0.327950	1.499473
5976	141.369479	4.600890	0.225760	0.926896
14601	174.996028	16.813201	0.376636	1.302542
7396	211.609297	6.305713	0.313917	1.653051
12606	214.975768	11.945260	0.335945	1.324221
15401	211.279362	27.637053	0.383757	1.295943
4132	173.659981	36.345483	0.351157	0.900255
17935	182.186042	27.449684	0.359835	1.157978
17238	200.930528	29.979410	0.341647	1.697411
7070	236.575904	5.411335	0.325066	1.018234
1527	251.544681	24.612922	0.369068	1.276263
9169	127.278085	58.205376	0.322796	0.638002
18754	198.650609	41.806074	0.381824	1.003704
14592	159.251953	18.070154	0.416578	1.528437
12298	147.727720	9.394209	0.348799	1.738703
11938	137.514042	17.349162	0.413902	1.004862
16356	188.011259	21.459765	0.390339	1.746606
749	226.944717	1.614353	0.257209	2.311900
9494	130.595876	59.163302	0.306293	0.647135
3801	157.156303	35.328528	0.356758	1.896316
18448	189.412945	25.871743	0.174773	2.665103
10520	179.388310	7.600757	0.215841	2.016740
18242	190.983386	23.087670	0.272403	1.951640
6709	173.002757	6.008954	0.157889	1.653135
19564	242.564772	45.246323	0.409010	1.419974
13462	127.132868	8.011778	0.257356	1.389013
6518	185.956772	2.642238	0.303656	1.255238
15981	192.027620	27.229317	0.272998	1.812870
8092	258.962674	26.033363	0.336643	0.939870
12334	147.834481	9.967622	0.185452	2.906348
13371	157.371197	15.198330	0.324011	1.155724
69	233.090676	0.284876	0.341201	1.454826
16889	184.145144	18.225463	0.304541	1.477679
13242	158.469914	16.001821	0.174702	2.251253
3267	115.777294	31.931421	0.193410	0.476756
16619	190.264369	25.167438	0.306542	2.124000
3742	221.883962	35.634162	0.359204	0.487290
329	230.888324	2.659479	0.239675	2.440531
11024	165.695417	12.544710	0.340367	1.897744
3301	119.108391	18.969333	0.312902	1.937447
473	209.974718	-2.336054	0.417205	0.887354
5227	177.141776	31.978055	0.367107	1.524528
8864	132.475316	52.997241	0.320781	0.979569
16359	197.512651	22.429022	0.270664	2.300751
11043	225.408224	9.686016	0.343799	1.493998
15347	169.387525	32.438840	0.418908	0.980049
79	216.461915	0.209050	0.329300	0.726035
3245	128.162961	12.709577	0.321569	1.233797
16794	201.114199	19.377086	0.258254	1.581519
3563	154.094112	37.118641	0.247895	2.347624
12875	160.364757	13.421633	0.372228	1.215739
15592	219.924359	20.799313	0.319414	1.747587
11692	224.115276	15.601989	0.373906	1.580021
16704	201.138636	19.251521	0.268891	1.137207
15885	136.509227	22.464860	0.241346	2.008391
23499	191.758207	43.615213	0.322270	1.550199
14309	148.818760	54.048381	0.417706	0.625565
10406	150.824477	7.753539	0.351483	1.371164
6955	138.845417	6.610155	0.353156	1.043949
8319	237.960271	31.063496	0.352843	1.228420
6063	221.476158	4.825807	0.274130	1.856976
10651	185.073196	11.935864	0.247950	2.241433
5644	183.820638	2.874978	0.241191	0.912125
6102	194.210476	4.044083	0.289454	1.509958
11165	218.133008	11.179427	0.334371	1.024164
4832	179.487913	40.548652	0.309352	1.451295
15539	220.863409	23.341767	0.208072	2.485115
15838	183.080534	29.941313	0.378414	1.771170
16935	137.337273	30.959211	0.310475	2.133163
6757	187.313566	5.897438	0.181910	2.255943
5105	173.846750	40.163222	0.361740	1.542145
8051	257.059271	32.966720	0.407071	1.241745
10025	241.592042	6.803542	0.347305	1.048147
11270	218.428054	8.761908	0.337645	1.761332
12417	138.826928	10.623542	0.309138	1.762996
1062	235.565120	-1.100880	0.361968	0.174839
11158	228.624498	9.379817	0.404282	1.386444
16914	154.484437	17.794172	0.328890	1.312974
19052	249.703876	44.530388	0.418392	1.285013
11796	229.096792	12.905994	0.358986	1.145743
16667	186.879694	20.116003	0.322550	1.652987
12020	150.251030	15.152326	0.339827	1.307687
17878	178.883366	25.804404	0.325761	1.380813
10028	237.904340	6.981826	0.219463	1.977055
19507	239.995882	50.894216	0.237689	0.344001
12527	165.173100	11.544861	0.220567	1.760636
11068	226.995648	9.223566	0.413539	1.299974
17674	153.963471	29.228391	0.390220	1.699683
3123	118.577841	16.965858	0.324057	1.545901
18089	199.358553	24.941878	0.305947	1.652319
8793	129.934807	45.174138	0.307237	1.518604
23208	167.626056	46.999422	0.344805	1.662441
18526	199.288553	21.014328	0.167556	1.924564
16391	176.179082	22.039491	0.307918	1.605919
13037	143.954421	17.449671	0.342710	1.593539
19736	246.357222	43.762825	0.390109	1.649775
13073	138.869260	16.878018	0.408567	1.296036
10041	242.202532	7.176036	0.247047	1.284309
16122	197.282301	27.892983	0.265288	1.754829
2774	113.820276	32.620809	0.335075	0.635047
7997	257.524131	34.243028	0.409877	1.496544
14865	142.369936	28.737483	0.307931	1.478989
9091	221.108617	38.926368	0.357819	1.022433
10181	236.181627	7.693140	0.224391	1.618568
5960	146.568898	3.912906	0.344969	1.092464
5143	170.743838	37.664628	0.155738	1.552003
12984	133.306400	15.753395	0.314556	1.151037
16212	166.010616	23.562774	0.381483	1.845279
19317	221.120020	59.278267	0.414769	0.916177
17742	161.078933	28.115599	0.303048	2.370564
11810	228.217211	14.023068	0.399894	1.522192
15926	138.496444	20.257228	0.333787	1.313819
8880	130.823249	54.240294	0.315779	0.858180
21023	199.005161	48.101078	0.225672	1.608769
4565	149.879763	38.116863	0.153169	0.699063
8560	258.701570	26.134494	0.159134	1.981055
2345	118.282850	20.735257	0.396818	1.484377
17763	190.703225	28.130462	0.226230	1.634041
8275	242.263725	34.434396	0.287022	2.092166
21298	203.474664	50.171806	0.279048	1.354666
10672	173.510784	8.247901	0.401968	1.445442
12878	161.188526	14.264462	0.261257	2.030813
7052	168.115813	5.598925	0.378845	1.529587
7439	227.667565	6.328540	0.287626	1.812817
807	201.360219	1.991623	0.259883	1.730357
20454	202.745155	53.232770	0.394248	1.640677
18119	144.274564	19.032485	0.216356	1.838790
10649	187.866653	11.638417	0.251152	2.059979
17291	190.627149	31.603838	0.360228	1.027539
2658	130.801737	14.352514	0.216152	2.601656
16580	175.843209	23.615319	0.339416	1.879691
12103	157.224154	16.809527	0.372420	0.910654
16874	185.529920	18.668088	0.417753	1.353254
13098	221.998687	18.112021	0.263074	2.016991
10846	149.591922	12.773950	0.395053	1.697122
15978	183.836935	27.634192	0.343335	1.136494
10558	162.056322	9.668923	0.337783	1.525245
3645	166.805534	44.039170	0.379119	1.580004
16002	165.119807	26.793610	0.335546	1.269331
10253	244.043430	8.641012	0.202854	1.131293
12547	177.834105	12.238374	0.332630	1.379499
18869	253.798202	39.252665	0.340778	1.459071
16590	213.166778	21.683201	0.377049	0.390065
13481	120.115974	9.095490	0.369958	0.510056
20774	205.317912	44.765030	0.341528	1.743454
1089	252.999572	18.633154	0.353673	1.374328
17519	195.540696	29.142080	0.192641	1.773481
12044	128.749466	8.875625	0.226859	1.741308
17651	152.014445	27.224943	0.227592	1.982431
16432	221.532514	18.852628	0.281185	1.914236
2299	118.514961	23.023855	0.412209	1.202526
14611	189.852529	16.440800	0.260090	1.843142
12787	219.117783	11.961275	0.163162	1.858840
17946	178.575029	28.137745	0.353935	1.109514
11207	215.696161	8.655377	0.325271	1.172237
10194	235.197345	9.299107	0.224375	1.663099
6775	198.387446	5.093335	0.418858	1.045422
10628	176.927577	10.656066	0.308051	1.934091
10500	175.308438	6.421121	0.264511	2.049296
11544	171.788659	16.104197	0.362429	1.579445
8198	231.822370	34.809491	0.246683	1.456793
2724	124.219698	20.005752	0.339814	1.229632
1497	254.770802	26.252229	0.373499	1.420987
860	210.595002	2.466823	0.267594	1.422935
8916	132.766300	57.627904	0.298556	0.431233
13335	148.261378	13.992558	0.242088	1.736905
12056	136.432037	11.198505	0.404746	1.202321
21131	183.020969	43.954919	0.267941	1.907766
4579	144.613972	38.932051	0.154804	1.605406
4338	183.773938	36.271399	0.239685	0.793884
17999	147.398988	23.082970	0.351882	1.318688
13290	148.819311	16.333087	0.232475	2.199913
44	208.034289	-0.144615	0.425413	0.516594
3594	148.769458	36.093516	0.289220	2.017636
18117	144.270755	20.282906	0.174978	2.285390
993	210.714660	-0.875651	0.401592	1.424211
5382	127.214514	2.297665	0.157518	1.514776
16130	196.825591	27.261318	0.181145	2.344185
17550	222.589841	21.996004	0.254966	2.015661
23138	214.207935	55.069403	0.406292	1.288909
20062	149.777577	46.948309	0.392187	1.325760
13344	140.241258	13.082662	0.187186	2.409641
7494	234.663506	13.292715	0.403444	0.846536
3387	139.858415	41.287780	0.297442	1.662406
18333	174.520818	22.277577	0.183430	1.444861
5407	122.194274	0.759475	0.360603	0.824094
16885	182.074130	15.889906	0.309080	1.248371
344	234.750888	2.587149	0.311561	1.613239
19612	219.164608	58.794453	0.158587	0.326221
14506	160.477099	16.704351	0.337873	1.159238
18772	186.648607	44.287531	0.269386	1.318319
3373	132.516044	43.068042	0.414295	1.412783
12712	204.210357	9.531369	0.244593	2.173219
18487	189.728973	20.596692	0.426409	0.535979
12607	219.604852	11.194909	0.232638	2.425574
16239	154.754547	22.782306	0.320045	1.153667
1494	242.398832	13.523015	0.352804	1.241606
9955	247.048220	35.539273	0.367502	1.525677
1055	224.604964	-0.257385	0.263597	1.864140
14958	151.541217	28.685928	0.380195	1.287996
15034	220.190077	25.330002	0.230181	1.907546
2447	124.214305	22.188336	0.393995	1.525854
10896	180.679956	12.305882	0.389914	1.737691
4219	169.637640	34.971916	0.355832	2.014457
8693	238.433527	36.363798	0.163056	3.313971
3054	123.009195	21.441422	0.279697	1.763107
6636	150.388526	4.397153	0.353703	1.357022
9782	248.944378	38.747978	0.350864	1.180104
18335	175.833529	23.997232	0.177530	2.456002
20684	190.774847	49.307512	0.351542	1.044756
16949	149.394330	34.342000	0.408917	1.484046
15654	154.500808	27.943140	0.409685	1.434968
3069	122.084104	23.427314	0.266195	1.672431
16528	200.134496	21.936955	0.345746	1.440455
10614	142.561899	8.919767	0.377268	0.919276
3969	204.980500	40.551397	0.172023	0.920563
5968	173.423970	4.289624	0.371518	1.423164
18811	200.737289	41.972814	0.184329	1.538158
17897	169.356990	26.270494	0.327494	1.486209
10817	180.341506	14.803567	0.293230	1.520550
9882	250.234747	38.463213	0.164877	1.356317
18269	183.030161	21.051897	0.407207	1.579716
1168	245.284688	19.465870	0.170121	1.468916
17869	156.648473	24.582027	0.328460	1.310932
23048	235.216520	42.344324	0.242143	2.794023
4775	216.811225	38.482495	0.167159	1.432875
11127	190.565305	8.413367	0.405430	1.386539
18126	148.835035	19.873798	0.371418	1.447477
6199	125.311891	4.115652	0.368547	1.208455
13463	127.557396	8.589617	0.408391	1.717302
1616	253.123861	24.247720	0.352078	0.923491
1402	246.020498	19.420696	0.216171	1.610441
18169	182.788025	22.016913	0.394440	1.682904
18240	177.046491	23.609672	0.173704	1.170303
22879	183.268530	60.689723	0.343775	0.511823
11679	222.085873	15.431683	0.269578	1.834887
5992	125.202650	2.481272	0.257760	1.594581
18159	161.032941	24.135424	0.366214	1.402375
12847	145.234619	9.833230	0.274938	1.345704
8613	228.568981	36.824706	0.162885	1.687021
9992	236.217965	11.345684	0.267534	1.675504
3653	164.511778	44.141509	0.317299	1.457543
2680	119.695773	10.593784	0.371032	0.763080
11261	203.781961	9.854405	0.316808	1.839616
21075	202.421930	43.334109	0.373839	1.454950
18781	160.601430	44.568019	0.308115	1.613544
2960	117.603610	23.201997	0.400132	0.874603
22771	186.171892	49.348968	0.260566	1.191611
3711	195.598782	41.981892	0.371887	0.845293
11039	220.259127	10.174450	0.283203	1.760790
17417	167.752668	29.917694	0.364661	1.623089
14520	134.629678	32.124395	0.338435	1.154592
23514	194.795868	43.566704	0.232448	1.889278
11473	130.848104	10.654339	0.219909	2.221658
16390	171.997402	21.271722	0.176552	2.095128
22388	219.852550	59.213591	0.356529	1.098007
17765	192.768304	28.958970	0.198202	2.580834
5070	177.044818	38.671279	0.346342	1.586116
11946	157.709326	17.259789	0.310442	1.457487
8541	254.721539	32.900254	0.257834	1.244797
18569	191.874290	18.500570	0.298136	1.331420
17652	150.974869	27.952019	0.225113	1.618038
21323	199.303479	51.854048	0.279073	1.243094
4578	141.424933	36.867601	0.373028	1.012341
9459	230.775141	42.200328	0.300877	1.819505
1234	249.841063	13.929072	0.377416	0.796548
10405	158.360209	7.068897	0.330201	1.083083
5106	154.078352	36.975762	0.287273	1.892213
23732	184.399915	41.161688	0.375499	0.761041
16605	196.765811	23.739482	0.282991	2.201427
12857	145.206147	11.836782	0.168887	2.035174
14467	195.146722	17.138507	0.360919	1.455316
2456	116.685731	14.954381	0.422285	0.563209
15584	216.961320	20.532727	0.254820	1.484200
12203	172.755442	9.927871	0.305154	1.966198
12437	159.905460	13.996044	0.379144	1.626978
12999	132.443736	13.676431	0.354000	1.498548
14954	154.026805	31.321332	0.283560	2.366078
18098	153.280548	20.877424	0.314234	1.218999
2253	126.214915	30.096799	0.243252	1.786691
17542	201.139729	25.943800	0.304945	1.636336
12339	136.195799	9.335353	0.386850	1.605391
10910	190.114198	10.770818	0.368262	1.823492
13318	143.188702	11.725708	0.395278	1.552826
11152	218.718341	10.537861	0.279279	1.567747
9884	249.931842	37.827822	0.222410	2.752132
12068	159.238139	15.071179	0.346044	1.192840
8472	256.599093	37.764818	0.268657	1.907062
5737	228.633520	2.740863	0.358639	1.437948
18751	173.708287	43.474379	0.197346	1.420140
12351	148.179441	10.803405	0.296733	1.919422
17012	137.057403	33.345255	0.259062	1.870460
3311	132.891146	40.385276	0.426040	0.193214
8603	238.147099	33.552352	0.332416	1.314257
11689	218.340807	16.499760	0.417864	1.095344
18498	222.688820	20.111119	0.217138	1.881076
2445	122.196846	21.414432	0.270016	1.185037
7153	218.620171	6.387856	0.303643	1.853101
19290	218.770969	58.756727	0.241648	1.414133
11133	210.129274	11.813474	0.412263	1.460138
1800	249.275584	20.649408	0.209995	1.618231
3718	188.346503	43.498192	0.264714	1.111456
4254	161.617888	35.999895	0.374205	0.571092
20179	181.824936	49.635067	0.354884	1.044116
345	234.755824	3.502371	0.248982	1.684373
4145	167.018904	36.694247	0.302149	1.342580
18747	161.975110	44.932048	0.228411	1.243697
16680	177.925135	21.305653	0.331012	1.341093
14782	140.047449	30.592732	0.303268	1.528741
12572	163.994065	12.203077	0.371838	1.221870
1173	251.057256	16.326570	0.343085	0.945956
10765	159.488624	12.595153	0.327012	0.914041
15776	136.360920	21.899525	0.409578	1.223780
3728	195.393617	41.657645	0.383983	0.923296
5206	166.985090	34.675075	0.384207	1.537578
3579	154.644627	42.343534	0.328407	1.685768
16142	179.182109	24.799333	0.346319	1.006301
11784	222.641331	13.130517	0.223293	1.559887
17632	210.862389	23.849282	0.339101	1.420246
18228	191.974310	23.365244	0.191964	1.938451
10894	174.066177	12.271487	0.354702	1.360459
5873	142.553759	4.414154	0.338843	1.266779
21631	254.670372	48.748039	0.371774	0.182038
5080	169.249230	38.290240	0.372168	1.444310
9457	217.833132	40.879428	0.210430	1.975124
21905	227.930985	58.067620	0.337805	0.496597
9672	130.738120	31.125790	0.292916	1.591172
17998	183.148476	28.499930	0.349798	0.567277
22737	179.301880	52.964082	0.378732	1.151244
17746	180.399856	31.790488	0.397984	2.201039
10734	150.255639	10.376894	0.280877	1.144561
5049	166.563012	35.094865	0.332777	1.005669
4189	177.859983	40.174008	0.294367	1.500439
11377	216.435319	12.408839	0.377909	1.774040
17922	185.853445	27.318322	0.317625	2.030133
23536	173.222441	45.499683	0.344379	1.327318
10252	242.990041	9.914219	0.410846	1.187199
3790	167.149512	42.188921	0.198366	1.852692
6981	161.636130	4.990086	0.272750	1.649334
14092	147.546773	52.408120	0.409751	0.947965
12194	162.888263	9.212253	0.165797	0.964689
6608	166.729995	4.122147	0.244159	1.642599
2581	121.825365	14.650973	0.380670	1.555568
19020	219.521820	58.861161	0.276417	1.157344
12187	172.401430	9.096458	0.298419	1.443052
3731	199.159028	41.575155	0.392111	1.172234
15672	137.433276	24.418463	0.369085	1.446324
19253	249.333385	48.014077	0.261518	0.557853
18040	182.013456	29.035099	0.356166	1.068157
12854	148.165881	12.654196	0.414497	1.715822
10852	175.129929	15.058801	0.278830	1.779046
10330	165.189474	7.335888	0.232681	1.308699
11147	229.655224	8.212026	0.314544	1.817564
20540	222.418373	52.932848	0.276259	1.238513
2900	128.586269	33.955335	0.333406	1.002487
23429	224.511988	50.145224	0.319129	1.400580
17816	167.838029	27.946664	0.214580	2.122407
12297	146.244822	10.078363	0.202831	1.902515
20580	234.595689	47.307720	0.261705	1.852497
13295	157.227473	17.691578	0.238771	1.822733
20415	183.172431	55.071126	0.339040	1.334975
12026	138.171189	13.161443	0.302663	1.101764
14849	152.526716	31.881715	0.287902	0.734772
1745	252.337696	23.768066	0.373179	1.567820
18369	205.823586	22.196989	0.351674	0.856873
2588	123.868899	15.713122	0.261319	1.455968
21418	253.996383	41.478759	0.177195	1.982565
7796	231.804630	5.320723	0.179345	2.073390
10076	235.846630	9.610636	0.363762	1.288833
21373	234.006631	42.287413	0.388009	1.126636
1465	244.208043	14.373943	0.194932	1.878335
23347	226.752862	49.449606	0.172429	2.838458
15435	191.384077	29.225295	0.242418	1.244464
5074	178.344368	38.512805	0.196215	2.526486
17485	221.065539	25.264500	0.390968	1.444776
12201	152.540371	8.577960	0.173642	1.825767
8106	258.296025	24.107890	0.333490	0.884115
8621	228.058775	37.561769	0.208056	2.731900
21112	178.510747	46.152574	0.370641	1.204209
18456	178.983990	18.368128	0.326581	1.651191
5493	124.272487	1.304700	0.315457	1.177808
18536	159.364532	18.912847	0.336737	1.418154
2458	124.700754	20.258303	0.333885	1.274386
11501	184.040198	14.975689	0.342485	1.679323
23228	210.777110	47.162760	0.246059	1.423669
15230	196.389567	32.806382	0.395491	0.541547
6130	237.007519	4.817256	0.204848	1.765611
2324	116.801020	21.324429	0.264664	1.370909
13732	135.913762	54.095351	0.317766	0.495315
16768	168.218838	21.516110	0.215418	2.682780
14606	168.208510	16.278319	0.294149	1.826720
2574	127.718516	17.519215	0.333665	1.237210
11587	144.852485	15.984370	0.400830	1.466158
15976	180.614948	26.568450	0.265891	2.055374
17771	141.804561	22.564694	0.164466	2.477181
11248	205.660171	9.236044	0.389726	1.472432
2409	126.653725	25.934388	0.246258	1.811050
14491	133.808367	26.687860	0.408194	1.570074
10080	238.221320	8.222669	0.389127	1.412989
6245	126.670592	6.623538	0.231299	1.491616
10739	144.288828	10.000197	0.283074	0.730512
19385	239.435500	54.818658	0.339168	0.496008
10019	236.542669	11.586440	0.230013	1.615924
1222	248.735668	14.605117	0.382323	1.492890
4931	227.139597	34.745069	0.362401	0.795940
2146	118.331572	27.161649	0.417900	1.352034
11674	228.350036	13.710298	0.365096	1.111211
1387	248.690939	20.231447	0.153631	1.414772
21010	201.371984	46.503495	0.373052	1.066642
17766	192.647197	28.808986	0.423633	0.526963
3234	129.270942	13.535514	0.307960	2.200097
12012	130.229030	10.467073	0.269286	1.855253
14458	180.093285	31.632526	0.366484	1.723876
18835	232.009561	41.570975	0.380107	1.384077
11459	163.975086	14.902234	0.298540	1.497337
5581	188.367855	4.137582	0.350919	1.790292
8300	241.625941	32.891470	0.385621	1.463032
15772	181.766476	31.417770	0.285071	2.043201
100	218.636129	-0.587842	0.213926	1.220516
14555	133.848254	28.251868	0.335795	1.850339
11455	157.832965	13.776370	0.300833	1.442091
13047	132.548162	14.190670	0.344895	0.958505
7920	233.647996	37.759101	0.251306	2.599226
19693	236.299890	49.632120	0.335785	0.984200
3081	117.708654	19.866100	0.180920	1.793035
10282	161.731996	7.761036	0.246023	2.226844
3759	205.932470	40.858877	0.166267	1.757089
10006	234.319038	7.471937	0.388001	1.592648
18350	212.818735	20.161999	0.411049	1.299112
11695	216.627797	17.632285	0.269698	1.481160
12530	177.094411	11.379163	0.157557	1.990387
16593	216.862112	21.012072	0.338879	1.503713
21372	229.878854	44.107454	0.344391	1.687313
2444	129.280041	25.329533	0.349194	1.108669
17941	200.012371	26.823007	0.247603	1.808616
507	217.891760	-1.482088	0.295047	1.000612
20189	211.405822	48.125562	0.241636	2.095544
280	213.921374	2.192513	0.398604	1.632009
17760	183.451802	29.238163	0.337546	1.573663
17252	196.287246	30.951348	0.172781	1.690011
17027	138.257240	34.337760	0.383949	1.383254
4930	223.042835	35.978932	0.372146	0.911604
2310	129.789149	32.274425	0.292670	1.336339
23711	223.064452	44.116537	0.292496	1.370887
17413	220.496241	27.748734	0.247121	0.826984
4329	165.207346	33.649231	0.383364	1.671035
22919	161.309480	45.901013	0.380430	1.187140
9580	131.395929	27.917543	0.209075	2.920195
13366	143.381995	12.226455	0.346274	1.075853
18287	171.692395	21.412082	0.359494	1.581908
16106	196.354926	26.089463	0.328609	1.861718
10911	194.975445	11.531048	0.305087	1.797919
9318	134.368671	55.611727	0.380212	0.451234
11010	196.733944	12.359760	0.413042	1.264181
1659	251.800116	19.527846	0.206873	1.805147
4929	221.591753	36.611320	0.344726	0.770087
17649	141.415207	24.661348	0.221317	1.637648
14947	146.484360	29.335074	0.313329	1.203236
7610	228.054630	5.493823	0.180091	2.272739
13391	151.641786	15.105557	0.374408	1.039675
12546	166.278957	11.005105	0.386338	1.444735
22764	164.476382	46.849885	0.244550	2.246570
7038	165.082093	4.928169	0.310810	1.313557
11053	171.740161	12.656830	0.407774	1.412296
20724	189.988452	46.804977	0.342062	1.032939
8839	134.332122	53.300638	0.397957	1.005530
2888	118.269988	24.185772	0.318290	1.998900
2132	127.094022	33.637650	0.324215	0.702100
7895	203.491815	6.353919	0.172208	2.740850
17835	135.080442	21.377530	0.405659	1.261940
13136	211.037843	17.519154	0.184410	2.073082
18627	167.542489	18.452990	0.195208	1.663941
12834	224.318647	12.190628	0.327384	1.314489
23005	198.533979	55.030575	0.331327	1.189765
18861	230.849788	42.082745	0.283601	1.484585
4443	136.164664	41.159124	0.310805	1.612022
13421	160.452602	9.754283	0.307918	1.395403
1702	250.322545	24.780271	0.273729	1.592906
16009	202.376631	26.370820	0.257195	2.506027
12444	189.591845	16.026026	0.282414	1.555602
6771	197.613936	5.597886	0.346704	1.293094
3094	120.785102	19.572098	0.274703	1.564429
14341	147.903353	48.829192	0.403076	1.134631
5104	162.296705	38.799517	0.393691	1.503063
23441	195.463531	58.091493	0.197653	0.509249
16171	176.857169	24.951105	0.296081	1.769311
11389	226.089417	10.998520	0.299128	1.279799
9087	212.996911	41.298312	0.374806	0.995126
17855	147.780839	21.626297	0.342427	1.254966
21993	247.323919	41.785593	0.218290	1.712903
16810	184.500928	20.951333	0.320266	1.339326
2337	117.913152	22.323825	0.232837	1.375020
17735	185.241665	29.246780	0.369008	1.606739
10277	173.646407	6.795109	0.333189	1.326672
23414	212.810461	54.019395	0.336347	0.816549
17074	161.822772	33.384184	0.405090	1.423648
21235	195.105200	53.782275	0.279081	1.853430
18875	249.660725	39.685776	0.311648	1.629852
4222	176.349171	36.501205	0.357075	0.929018
12723	197.868927	10.601777	0.420092	0.510537
17920	181.549779	27.420679	0.326254	1.095424
15778	156.210007	27.382305	0.328869	1.694069
11294	188.762639	13.827839	0.273634	1.797908
20996	200.968727	46.106764	0.236317	1.824310
9600	132.022306	31.392569	0.281679	1.819339
6200	125.816585	3.244177	0.292463	1.987298
10631	178.702009	11.272494	0.226590	1.550019
23729	228.977579	45.802427	0.198814	2.253266
2356	122.147140	24.992158	0.351604	1.662608
713	212.883241	-0.248719	0.378218	1.233066
384	202.826031	-1.675837	0.363342	1.316571
8654	244.526091	28.479594	0.221651	1.468653
3157	123.495080	17.106122	0.162349	2.038959
6813	143.840363	5.060996	0.381947	1.064196
14135	126.961736	59.747657	0.231195	0.582928
14707	137.380264	29.938527	0.346198	1.296662
982	207.871425	0.315514	0.218029	1.842786
16134	187.535906	24.039681	0.403947	1.462623
23690	195.349845	52.168403	0.273967	0.758297
16963	140.135285	31.701844	0.292597	1.664198
12510	203.804517	11.268208	0.204454	1.952375
12123	192.102463	9.015144	0.373036	1.825285
4539	160.706746	43.679490	0.256553	2.177298
23323	219.051358	42.682874	0.383421	1.494388
6097	169.498114	4.859566	0.298358	1.157286
12419	144.153772	12.468792	0.206537	2.011803
16774	197.254270	18.715165	0.362400	1.512889
16262	150.393550	20.018406	0.325659	1.431342
15781	159.522055	28.812960	0.274229	1.877732
701	199.131500	-0.361794	0.288110	1.221248
22770	184.672518	49.505723	0.188108	1.838020
498	206.633378	-2.654465	0.326468	0.361020
22657	189.187827	53.182813	0.274332	1.671651
5703	146.457832	2.662891	0.349291	0.598652
13393	156.550804	15.827502	0.270609	2.029327
23012	199.133743	53.067249	0.269253	1.727371
13144	225.587014	15.581502	0.195932	1.653976
10712	160.097702	11.671312	0.323993	0.877085
2896	126.356611	31.831463	0.173280	1.301133
10373	187.629144	7.728321	0.372756	1.546140
9097	220.352947	39.541571	0.243604	2.353383
1329	242.924137	14.333989	0.307154	1.398434
10858	133.433063	10.526653	0.350410	0.786811
4160	178.315648	38.964928	0.259582	1.806007
18450	194.648343	26.335002	0.313038	2.028662
2415	127.788613	22.021376	0.344638	1.442244
11239	216.713501	9.277083	0.389953	1.507861
22808	185.337521	50.944147	0.260559	1.727550
12744	209.349370	8.459270	0.362448	1.580401
22658	149.414085	51.421403	0.379798	1.371181
16154	186.087111	24.488797	0.284093	1.750829
3002	118.872549	24.174922	0.392530	1.368095
10403	162.394336	7.887930	0.237530	1.419299
13082	220.338432	16.127542	0.318483	1.570897
3537	167.974311	43.020770	0.358820	1.304506
14507	162.309287	17.985342	0.354741	1.364887
15676	149.103781	27.617069	0.403694	1.983429
21074	199.519692	43.473631	0.309816	1.579753
15843	138.098521	21.276854	0.399583	1.748064
3422	147.836306	44.415709	0.349069	1.584025
20967	197.274502	45.734390	0.352136	1.149019
4260	180.417143	38.253678	0.377255	1.111998
22713	159.939944	50.158778	0.367704	0.390551
21416	253.298538	43.268321	0.304504	1.852005
3379	144.718729	43.110540	0.320890	1.420268
5982	143.428428	4.106533	0.395801	0.269170
17038	152.264056	31.654730	0.339594	1.006670
17892	196.475365	26.795199	0.307200	1.646972
12667	209.502663	10.854694	0.238773	1.698219
14675	191.278766	16.617406	0.315716	0.652283
6113	172.859916	4.489784	0.340296	1.472262
20772	200.028245	45.228364	0.296932	2.228073
11094	192.423366	6.830339	0.325228	1.561019
22243	248.276414	47.023329	0.231864	0.819395
23563	175.777074	44.389746	0.313481	2.185611
18633	173.826639	17.091270	0.172419	2.111802
17455	208.746595	27.275170	0.181396	1.916514
13043	220.682624	16.832480	0.250004	1.939883
13268	195.436157	17.023267	0.345381	1.574061
9585	132.875880	33.946237	0.367699	1.582706
20835	196.225223	55.681605	0.350762	1.122698
15736	160.882809	28.110611	0.384197	1.469953
13075	216.164870	16.859062	0.236936	1.952802
22622	184.807681	52.290159	0.196581	2.327316
22320	246.113414	41.730893	0.253437	1.575098
18728	163.796435	44.920137	0.382883	1.177848
21305	193.303942	52.074812	0.232911	2.056771
8561	255.406877	35.599886	0.161676	2.005755
3772	168.080368	41.417307	0.258995	1.374488
14946	146.425021	29.124574	0.321928	1.454519
17309	194.746498	31.120117	0.398582	0.996275
8109	258.657220	25.310230	0.357129	1.368225
5680	186.007417	3.348236	0.231617	1.339608
10313	232.262846	9.604169	0.221901	1.135281
12515	205.013832	12.316775	0.189097	2.146746
10816	177.547374	14.751686	0.230311	1.972788
10336	170.318867	7.073504	0.237327	2.277549
20190	211.454562	46.759223	0.397893	1.736884
18758	175.837982	42.881618	0.394985	0.625633
11759	217.694919	17.219641	0.223525	1.921497
10811	153.399332	11.926349	0.239664	2.000341
10193	235.319991	9.941955	0.344654	1.162246
22594	175.685829	50.929636	0.333495	0.912611
5989	173.088504	5.089958	0.265822	2.112665
16733	162.911745	19.458996	0.330699	1.436504
8126	253.930859	28.695950	0.190569	2.525043
12954	185.418431	16.561453	0.232687	2.242181
11047	231.042808	9.774228	0.177183	2.315147
4025	237.483424	29.797292	0.339176	1.414061
3190	127.058328	17.096946	0.326286	1.168175
13354	146.144552	14.638370	0.183254	2.013634
10988	206.299237	11.180160	0.403446	1.008822
16486	171.471611	22.902740	0.192161	1.939736
7484	237.365266	11.778867	0.397689	1.767031
9702	133.480347	24.801766	0.261881	1.963266
10744	149.736262	11.006095	0.256123	1.728525
10298	136.200553	7.516056	0.378011	1.515916
13273	204.410605	17.420253	0.248130	2.774214
4684	153.101427	40.674442	0.156822	2.204488
6084	182.589721	4.330840	0.288598	1.564109
18063	201.855252	24.102822	0.223848	2.276798
7854	232.834599	12.171942	0.326886	1.088292
3613	154.051249	39.580199	0.374081	1.365493
2251	124.712162	29.664195	0.324351	1.325665
4234	161.361631	35.436959	0.360126	1.386517
5225	178.201053	32.726128	0.169784	1.573449
13026	144.434037	17.146932	0.224755	1.926339
5163	180.234939	35.189179	0.212275	1.515183
11944	155.874638	16.929652	0.239773	1.639197
4484	147.582206	42.104647	0.232950	1.778895
10887	186.766977	11.265069	0.309451	1.709940
3004	130.386002	33.367535	0.286944	1.297768
708	216.913009	-1.000086	0.321913	1.348893
6553	189.238393	3.291663	0.408768	1.223912
23604	199.434126	44.636638	0.163965	2.282376
11871	156.361301	14.243514	0.259650	2.057674
11375	230.465108	9.190121	0.375241	1.949303
11268	216.600255	8.889293	0.309091	1.751991
8532	257.442957	30.584500	0.273990	1.845094
4295	169.642914	34.679779	0.395643	1.772125
4405	146.899255	45.747194	0.334772	1.213332
710	220.133269	-0.795469	0.217411	1.257988
4348	184.262799	33.736816	0.412345	0.540141
15611	216.025349	22.020657	0.380951	1.087898
22593	175.041073	50.801133	0.336670	0.642211
21032	221.906483	42.121929	0.352301	1.799301
14781	139.790779	30.258174	0.298063	0.964340
3140	127.817142	22.535373	0.216533	1.819385
20129	191.004323	48.835734	0.370767	1.148602
305	233.718641	3.009738	0.388044	1.246485
2687	129.273174	14.218147	0.323120	1.619640
15213	207.047762	30.242092	0.339308	0.942075
8699	246.312824	30.155911	0.262773	1.905960
7728	169.041539	6.371902	0.351425	1.324982
15096	207.398898	29.541994	0.242040	1.405375
17801	179.278615	30.057580	0.162595	2.295628
8657	243.079949	30.566359	0.159655	2.581845
8623	238.105248	36.786641	0.196547	1.428305
11956	137.620796	14.209212	0.301294	1.070466
20028	167.829040	49.803128	0.320837	1.201780
7385	226.255706	7.870398	0.337073	1.090301
22595	179.782817	51.140328	0.409904	1.239769
13187	232.013935	10.860417	0.202853	2.470918
16375	179.950142	22.479921	0.332480	1.160805
14792	147.788847	34.898573	0.399471	1.157754
8804	211.285495	40.241960	0.418407	1.084863
11199	188.971955	10.666725	0.304415	1.385033
20204	194.474569	49.716514	0.414613	0.936492
21604	258.116258	43.093410	0.171806	0.323215
2285	126.513318	29.065842	0.320040	1.399864
9383	127.585336	44.749591	0.369903	0.611895
15372	202.125029	29.142244	0.355043	1.533949
3169	120.720486	16.524186	0.387144	1.490598
4601	156.485184	38.789863	0.237103	2.160674
4360	178.207863	33.948078	0.362654	1.606797
11137	224.486161	8.646934	0.327471	1.500112
14282	137.169075	49.838207	0.321778	0.345988
7079	140.939162	5.417468	0.379797	1.286353
11305	186.506120	15.934288	0.358271	1.087565
12376	148.889596	12.226626	0.284850	1.605215
4589	148.716684	40.009420	0.359224	1.331237
18503	223.350216	19.991216	0.372115	0.974737
12405	167.546902	13.829688	0.220501	2.482272
18609	197.234677	20.126552	0.414506	1.042561
8316	242.045448	28.897781	0.299741	1.356408
18689	191.150558	42.670701	0.398803	1.223197
12540	211.128231	10.429358	0.265196	1.890593
3307	128.850210	43.720053	0.419824	0.844499
18295	188.053887	22.011392	0.345633	1.608135
3758	200.272343	41.794199	0.227045	0.999850
17286	195.998117	30.566923	0.180503	2.164350
10469	221.529944	7.379929	0.265168	1.825933
18277	215.096645	18.799978	0.328300	1.128374
12439	174.427669	15.206120	0.322785	1.421332
17634	220.781880	21.975178	0.232850	2.084314
6285	230.586871	4.569290	0.304766	1.347017
15683	135.061983	23.163478	0.288599	1.718613
13189	205.697764	15.103577	0.332751	1.695134
11128	194.257895	7.782122	0.398043	1.466288
8527	257.972238	35.397223	0.286527	1.244832
11348	203.489529	14.363554	0.201419	1.426867
18241	177.769268	23.807488	0.256521	2.147648
22830	206.117824	48.540814	0.169695	1.668694
14669	170.179352	16.672913	0.303588	1.850330
12551	226.069547	9.163964	0.315355	1.435946
5768	126.375054	1.896208	0.366902	0.934248
16629	168.643422	24.678856	0.357559	1.168735
17064	151.297633	33.125620	0.254627	2.086926
18140	149.089219	20.173168	0.211075	1.837286
13316	137.781692	11.175652	0.164827	1.744373
4240	177.017106	36.934440	0.397597	1.302471
10946	192.338227	13.879848	0.329965	1.814639
989	206.328273	-1.955397	0.150865	0.367896
20983	195.804631	46.821588	0.231925	1.861996
23470	207.879548	44.269170	0.237487	2.001801
4800	160.737003	35.977552	0.327388	1.291453
15449	199.562891	29.148455	0.364563	1.672955
11611	139.246431	15.607679	0.412115	1.138690
12078	160.137068	15.548757	0.325252	1.831325
940	199.264429	-1.520374	0.245772	1.481660
18414	174.024683	24.246944	0.250487	2.181013
2575	120.101899	15.213913	0.203699	2.247885
14429	128.808256	59.498059	0.336837	0.628990
11939	129.501505	9.873855	0.334453	1.690591
15837	179.331243	30.279952	0.282042	2.308471
12498	195.451414	10.962084	0.232378	2.455477
10278	172.653311	7.255232	0.374812	1.998916
20338	168.391106	48.795707	0.314390	1.144443
4296	171.652463	34.692004	0.224039	1.338693
14503	155.535941	17.827722	0.302067	1.798534
15632	145.408224	24.983428	0.364307	1.479262
17792	156.738075	27.276267	0.354411	1.055884
23314	214.735357	44.284461	0.403793	1.107057
20173	174.009276	49.532285	0.167497	1.766068
13560	136.798323	44.680024	0.361132	1.942045
10694	172.478073	10.989751	0.236648	1.846517
8840	132.419439	52.037791	0.270040	0.958950
19654	235.243513	47.395999	0.348090	1.320946
23222	197.029495	48.717908	0.372535	1.591494
10543	170.193555	9.644320	0.329155	1.361796
13545	129.951210	59.397164	0.300328	0.710764
18662	184.486478	18.334466	0.156850	2.192733
4232	175.984720	36.377497	0.262329	1.983664
3457	148.305733	43.946275	0.337695	1.061049
10522	171.715389	9.181833	0.329878	1.436565
16179	179.663467	26.282221	0.306943	2.431463
3195	120.986999	13.729072	0.167520	2.274297
6774	210.010491	5.284738	0.163091	2.545385
17061	142.598611	29.870451	0.356919	1.516392
5576	183.591629	3.122482	0.410478	1.162347
22473	253.422791	40.140638	0.314760	1.418680
18876	255.090687	39.196955	0.374514	1.401358
21174	185.525740	46.085938	0.227421	1.861542
23280	184.413656	46.371563	0.305638	1.569227
1831	113.789552	34.778232	0.426570	0.205449
16664	177.150367	19.773214	0.336838	1.416334
21108	166.566207	45.204650	0.206592	2.006470
5904	171.996555	3.962655	0.360453	1.030875
647	205.601336	-0.169955	0.281463	2.370093
4668	158.686577	42.874551	0.339899	1.110120
18631	172.625873	15.571208	0.177909	2.655227
9699	130.769046	23.711627	0.356550	1.304230
13503	126.559162	8.850533	0.392934	1.092540
5764	127.625893	1.522669	0.271690	1.074017
17701	157.776807	26.459207	0.317021	1.673840
20100	176.599036	52.669922	0.225229	1.406952
9048	224.608806	38.591149	0.342171	1.378913
19705	243.430404	45.286054	0.284862	1.687033
202	206.913267	1.355578	0.424199	0.394012
6735	212.252076	4.115583	0.317702	1.928866
13493	127.179942	9.333708	0.417196	1.105514
8664	230.828865	37.574453	0.156465	1.520513
8823	212.901680	40.830142	0.204374	2.083223
14565	135.109633	28.050581	0.336297	0.682590
18185	151.273637	18.369048	0.313081	1.190035
4069	229.317979	33.440470	0.330107	1.208462
8584	253.478912	30.606632	0.349919	2.005422
6767	168.096365	4.596096	0.330622	1.269017
12082	135.860443	11.616192	0.296143	1.420019
9874	243.105600	38.220935	0.334085	1.614680
18792	174.531277	42.336883	0.252231	1.748079
2170	122.240871	28.280338	0.383537	1.011993
9985	233.844944	11.143229	0.318569	1.302999
14960	159.621086	31.061521	0.357253	1.614983
97	204.087837	-1.265956	0.414077	1.261809
3751	221.221010	36.222062	0.349335	0.651157
18112	147.596547	20.552281	0.397391	1.656463
23473	194.108847	47.580124	0.208255	1.805309
17772	153.611872	25.174019	0.413008	1.351173
23004	194.273654	55.017045	0.356087	1.340204
12565	210.677703	11.663703	0.402247	1.188694
18717	154.283759	45.522251	0.384264	1.080407
15860	165.866549	28.976970	0.239824	1.563824
21062	176.869420	44.359131	0.386800	1.101610
16716	194.881831	21.466131	0.408036	1.778950
4828	158.571177	37.368151	0.330425	1.335115
6058	224.871632	4.023245	0.396181	1.256203
23589	180.830713	45.081375	0.332726	1.655682
2527	125.705438	17.597788	0.296955	1.320846
2260	128.262419	32.502935	0.276959	1.447188
16632	177.546834	25.519321	0.237391	2.492578
11636	228.172872	15.877444	0.351480	0.494003
19652	234.944528	48.748865	0.285094	1.133416
6129	235.123756	4.497134	0.409261	1.242401
9981	232.974489	10.905737	0.342094	1.024847
15186	171.214961	31.531788	0.386552	1.118361
18445	180.056195	25.741534	0.319572	1.438077
9046	222.638777	39.374607	0.406301	1.765877
18692	194.470848	42.706679	0.415942	0.800308
9987	241.440287	7.785299	0.364292	1.578550
13720	148.051774	60.843626	0.293161	0.232571
11726	135.514730	14.446747	0.174045	2.435807
4211	172.872162	40.549859	0.240894	1.964810
17593	217.753485	24.085347	0.325795	1.629878
14894	162.174097	32.199931	0.294361	2.118839
63	221.100757	0.104958	0.290441	1.594164
12193	161.970055	9.984782	0.171010	1.178731
14665	170.675864	16.314406	0.194058	2.339606
8195	237.173324	33.566747	0.273392	1.914756
9348	132.717330	53.917380	0.364367	1.042633
15223	167.309283	31.917115	0.210161	1.886103
17644	145.617240	24.546108	0.305751	2.053757
4152	155.633410	35.568370	0.407720	1.450074
16463	170.295246	20.903233	0.188055	1.083920
18290	177.009724	20.899481	0.175414	2.006262
23575	205.104887	42.177777	0.357803	0.957028
11785	221.866736	14.977003	0.207559	2.080486
6689	165.819653	4.867466	0.319069	0.998286
15551	214.579305	25.089496	0.371392	1.388262
1421	249.595232	13.887778	0.173112	0.785948
23693	205.169337	51.052401	0.333698	1.546588
11633	142.894664	16.753946	0.333191	1.423661
12816	216.284218	12.236744	0.160642	2.256742
16837	167.480458	18.353439	0.362335	1.758378
4116	172.018240	36.834680	0.218999	1.597464
14541	167.657802	33.481321	0.250022	1.018758
16372	170.749966	20.970007	0.254699	1.934442
10338	162.655181	7.164500	0.297175	1.900758
14879	146.728252	31.856214	0.246509	2.448595
8050	259.401507	28.448428	0.326107	1.027828
21265	182.737851	42.399565	0.374475	1.820981
66	224.562135	0.063056	0.374039	1.188646
3045	128.723025	31.127506	0.174287	1.870357
13237	160.277767	16.435635	0.309470	1.159697
4521	143.795708	38.832303	0.246840	1.323777
1779	255.410655	24.260455	0.171075	2.164766
5047	181.800021	36.306319	0.372358	1.736606
21153	197.268174	43.819483	0.358021	1.637677
9607	134.792016	30.424177	0.296904	1.680968
80	219.988467	1.303019	0.273693	2.179040
1451	245.795057	14.043772	0.316699	1.535494
12826	231.205385	10.421750	0.219166	1.831352
1395	244.772834	19.519526	0.156206	1.096872
7784	234.452629	6.130777	0.262177	2.175570
17806	193.621704	29.903116	0.227272	2.137001
19252	250.150156	45.203918	0.400088	1.259765
7785	234.515230	5.796111	0.182169	2.590004
7567	191.448865	5.674541	0.369526	1.260327
18066	175.200297	25.252713	0.184799	2.364415
18136	150.882419	21.562349	0.213083	2.163802
20968	198.447046	46.225906	0.327630	1.590576
4253	160.900818	36.174232	0.370421	0.995655
11915	192.723529	16.438114	0.354297	1.210579
11787	228.835959	12.811176	0.209626	2.050132
18121	150.108295	20.051397	0.213465	1.103290
20628	218.708522	53.964967	0.305843	1.170724
8932	130.752635	53.126378	0.210462	0.664302
3460	155.361941	44.600293	0.336034	0.980677
1458	248.208925	12.042404	0.227589	0.889028
12794	219.993511	12.159703	0.425320	0.337351
16071	165.968856	26.017516	0.341200	1.617693
20051	151.662542	46.606192	0.378714	1.249095
5741	218.985310	4.638884	0.401082	1.570383
4310	177.837764	33.210247	0.411527	1.313619
18374	221.118183	20.170006	0.193762	1.998517
5871	141.855704	4.641811	0.243392	0.455096
6666	144.199599	4.139909	0.349822	0.682784
871	215.630778	3.006006	0.405134	1.220970
12261	150.338690	8.792954	0.303686	1.797694
8027	255.456172	32.294261	0.305781	1.744817
7452	244.894374	7.444081	0.391115	0.729596
3447	132.563493	36.072349	0.401921	1.057964
18690	190.129403	42.666104	0.419576	0.911967
20790	212.488445	43.415056	0.303503	1.618269
4125	174.745740	36.693128	0.343649	1.495108
16877	195.072780	18.312025	0.388995	1.543918
9775	253.380145	39.918131	0.352705	0.573325
23126	240.562876	42.240829	0.382769	1.531852
18935	150.256812	52.192238	0.225452	0.769357
21595	253.943043	49.379392	0.275506	0.340426
11990	140.184278	12.715170	0.404929	1.446382
21238	208.188813	51.448371	0.284082	1.546378
12902	133.969335	10.578103	0.164366	2.019903
18022	175.312972	27.721785	0.271480	2.002164
22414	217.196423	57.125383	0.391088	1.094492
9598	131.479112	30.616404	0.390391	1.345298
19598	217.714532	57.155988	0.315507	1.165115
21095	173.850244	45.612971	0.199205	2.227354
8040	260.532142	26.998474	0.177476	0.866469
20458	197.791625	53.713164	0.394002	1.341177
10273	175.274776	6.635208	0.415007	1.457775
13527	127.042450	9.920991	0.259401	1.755067
22791	202.337967	48.213681	0.326310	1.140119
2438	123.282413	21.570167	0.405083	1.460665
22640	166.936726	50.111609	0.406967	1.141148
1076	251.571694	16.800235	0.293119	1.029786
12226	172.212814	10.009161	0.208563	2.232089
3031	118.287034	23.016256	0.401191	0.934861
9724	133.164421	20.051095	0.301038	1.583062
7672	145.995068	6.903853	0.210526	0.783602
6333	178.053805	3.630800	0.399444	1.811783
3215	127.647225	15.880474	0.211083	1.857992
9079	212.164527	40.891619	0.276800	1.355943
6099	170.829891	4.421293	0.328550	1.467520
20311	168.556096	48.145272	0.392167	1.519867
1872	114.052349	34.981120	0.209497	0.599197
23461	194.781041	45.912048	0.350134	1.726218
16702	195.718062	19.698690	0.355364	1.218770
16405	212.037484	19.464461	0.198247	2.177872
11437	157.391908	13.604775	0.417167	0.891474
13641	129.728843	58.862315	0.242362	0.804485
10375	200.333247	7.228356	0.323674	1.306082
8539	255.288187	31.933076	0.167047	2.503461
17919	181.009468	27.072801	0.347601	1.046213
11487	174.040725	14.156548	0.347555	1.136698
23391	219.927701	51.016451	0.313260	1.924020
2421	126.018903	23.081730	0.298749	2.286709
23010	196.580692	53.920520	0.201637	1.816408
6853	176.900594	4.152739	0.268441	1.545114
20912	190.858761	55.269757	0.315148	0.940406
11036	211.129345	11.401005	0.344530	1.589093
11555	134.320522	17.347530	0.318629	1.256623
15707	179.822786	29.313617	0.333685	0.879793
15589	216.638345	21.179417	0.398480	1.507560
17795	167.986476	28.769257	0.328378	1.230813
315	236.631413	1.021912	0.259200	0.365588
1762	252.105019	19.562396	0.190439	0.879986
3812	166.094626	37.816157	0.370008	1.459317
10476	225.239212	7.837657	0.342811	1.326163
1126	249.000611	19.862159	0.396390	1.933376
8534	255.411597	35.826759	0.234239	2.358763
5230	178.861250	32.129598	0.214621	1.285780
23460	194.471328	46.995590	0.263057	2.184591
10701	161.797545	11.181899	0.248701	2.527486
9658	133.944193	18.967069	0.376616	1.759056
7417	211.946301	6.675552	0.351298	1.345194
8592	232.280259	35.164554	0.413373	1.517498
8367	261.988955	31.732446	0.227167	0.623595
9786	251.258878	38.029964	0.348264	1.474046
18049	196.579761	23.542622	0.419293	1.231183
7914	254.161283	27.282653	0.401729	1.480324
8304	235.321048	31.500527	0.351130	1.131177
3204	128.600845	14.846141	0.153865	1.388551
12895	133.084547	8.204517	0.161620	1.904689
20490	235.110121	42.934921	0.359965	1.268761
15959	182.441142	26.401086	0.321196	1.559794
16211	162.823187	22.854382	0.346581	1.558267
10026	240.357523	8.647446	0.329085	1.112310
18573	200.717129	18.392847	0.356860	1.721338
10068	234.372841	8.724588	0.354278	0.992298
17005	137.603538	27.895455	0.183872	2.799965
17070	159.025302	31.626998	0.371731	0.908476
4670	156.249331	39.309931	0.158287	2.318487
17325	189.520195	32.603766	0.361635	0.803030
6076	193.104768	4.211653	0.360709	1.585894
13850	135.442796	51.244666	0.205256	0.604723
18776	152.318825	44.302662	0.165748	2.135468
8185	234.637571	36.686824	0.332682	1.590109
17970	180.796359	26.286035	0.379316	1.770068
3568	157.880870	39.341407	0.320258	1.362798
17805	190.050879	29.121745	0.242293	1.635687
23743	253.491774	42.697117	0.204263	2.124486
22545	188.293741	55.509498	0.353773	0.473255
21234	216.866427	48.050978	0.257717	1.219619
5141	182.760014	37.661040	0.234381	1.239196
2956	116.813217	26.358246	0.270275	1.854590
22982	211.073764	52.052626	0.337318	1.147392
15641	149.451685	26.676419	0.339403	1.013782
3981	207.088790	41.160986	0.362283	1.164836
8768	125.826281	44.986476	0.333919	0.596581
6884	204.077115	2.959638	0.318561	1.935138
16783	188.636192	18.518202	0.300990	1.621756
16890	186.571185	17.502644	0.346961	1.135644
7006	222.336670	4.209900	0.347058	1.393904
19430	253.471542	41.007650	0.406966	1.075427
8220	236.150434	33.322203	0.356685	1.443441
17843	190.564111	30.388853	0.359966	1.091198
8045	259.529810	27.089644	0.163240	0.778579
17386	223.297073	25.003318	0.163336	0.915069
16898	189.676072	18.344307	0.376073	1.342626
7698	129.779713	7.334131	0.204036	1.621300
18764	177.154959	42.249607	0.307698	1.201423
6763	180.592620	6.830529	0.176817	2.555488
8738	243.936587	28.765027	0.270701	1.505603
10516	168.376165	7.305758	0.277493	1.945551
10556	152.496934	8.780696	0.350682	1.447865
5889	141.529412	2.747465	0.390706	0.717747
21009	201.603835	45.988949	0.381400	1.192846
16541	179.772503	23.697966	0.380731	1.740255
5858	159.686381	4.532401	0.315915	1.243709
10880	181.662271	11.627667	0.410497	1.517252
4140	177.302706	37.921826	0.353480	0.786080
5135	160.511756	34.968034	0.158777	2.646895
10052	238.869223	9.833692	0.379811	1.374484
9961	248.917250	35.161032	0.192623	2.273679
3605	151.170276	37.912233	0.383254	1.452535
14638	207.747800	18.599768	0.164257	2.545603
6248	126.994412	5.628763	0.375042	1.051188
9447	217.373463	40.447482	0.163376	1.689194
18370	208.943195	21.893764	0.343432	1.644861
16701	203.237474	19.110709	0.311461	1.812657
15252	218.519041	27.265000	0.349920	1.183828
4118	181.716653	36.472246	0.345801	1.079270
21100	194.747022	45.688591	0.393030	1.433362
23467	193.477636	47.092276	0.319263	1.728558
250	218.414991	2.817435	0.384558	1.500158
7380	224.717864	7.386039	0.312015	0.745477
11756	223.661365	14.768491	0.268251	1.310232
6923	196.606680	4.975836	0.364982	1.098861
9462	228.778799	41.555187	0.304551	1.682814
7574	146.339860	6.565116	0.385950	1.361203
10973	158.459880	10.256457	0.318503	1.041262
638	220.241770	-0.995688	0.321668	1.286668
15024	148.256876	29.754917	0.320660	1.536578
2966	119.369639	26.417538	0.231163	1.836651
20184	188.816094	50.287601	0.351524	1.515459
8460	257.562048	28.756739	0.368616	1.400166
18528	165.725662	18.776590	0.181490	2.176366
1368	245.473085	21.206880	0.267806	1.333602
11670	207.410129	17.944456	0.351969	1.485253
17724	163.460700	27.936629	0.242353	1.493302
1185	244.315906	15.971081	0.338006	1.622150
18936	148.878451	50.429369	0.409983	1.167668
18044	180.308461	23.716360	0.177073	2.166850
9950	246.527701	35.854895	0.191093	1.096309
2696	123.820279	10.086972	0.276145	0.251771
14871	152.215221	32.783573	0.333720	1.368943
13023	143.167955	16.686949	0.395019	1.159787
15399	205.143961	28.671387	0.247589	1.516836
6530	156.709918	3.266512	0.187156	1.153431
7828	235.411670	12.070120	0.402767	1.230225
3405	140.228142	43.500430	0.298842	2.227734
9623	132.074688	25.069937	0.370656	1.512027
11880	158.039552	16.775423	0.257690	1.463377
9945	249.308441	32.886094	0.160132	2.385452
11961	152.133144	16.935098	0.261465	1.685590
17400	227.106351	25.423917	0.347399	0.287257
4704	174.821159	41.274060	0.342965	1.631958
11875	166.439111	16.927898	0.270102	2.164598
12517	198.570662	12.897065	0.181981	2.887677
16818	201.320285	19.958301	0.402634	1.593629
9108	215.079898	40.851572	0.276393	1.936864
12674	216.999144	10.616266	0.240954	2.314116
16732	161.653916	20.815181	0.201406	2.147976
13149	227.286923	14.957165	0.360672	0.990802
12705	203.780711	9.287547	0.350187	1.636850
4303	176.034423	36.034765	0.247103	1.947061
929	204.111711	-0.793320	0.174717	1.546901
523	217.663483	-1.234199	0.287529	1.126218
16980	152.556659	33.907620	0.301694	1.238806
4897	213.183032	39.449855	0.354504	1.495128
23605	202.714961	44.861692	0.277014	1.782235
7999	258.355739	31.311073	0.416653	0.986997
15546	215.753547	23.824128	0.387748	1.007578
11639	137.828837	15.334924	0.409377	1.309838
3468	149.694595	41.192679	0.366648	1.048057
7733	200.210433	7.251462	0.349562	1.277884
17656	149.210833	26.252742	0.386371	1.215700
1714	252.562321	18.221868	0.387275	0.901243
18732	175.363181	42.489297	0.370367	1.290516
12960	131.394647	17.534697	0.330393	0.780788
8761	256.928242	35.703557	0.173734	2.422884
9812	246.585599	37.432011	0.205321	2.474425
693	214.983282	1.085682	0.331288	1.205970
13574	136.312884	45.239758	0.178746	2.068749
2918	116.864189	26.762536	0.352166	1.120330
12661	197.325740	7.876894	0.175977	2.801744
8628	234.306621	40.260646	0.200186	2.748181
6917	180.587846	5.142061	0.357822	1.744350
10498	233.176327	9.653955	0.319963	1.196968
13092	227.216563	14.406831	0.188238	1.636421
10700	155.771170	10.700903	0.370318	1.803170
22466	247.787909	41.131789	0.322673	1.259274
9308	132.311078	52.360864	0.401137	0.986064
18558	173.885726	20.739379	0.323301	1.154744
11506	187.421684	14.162807	0.280348	2.115721
1637	249.390458	23.577739	0.327489	1.649473
15750	153.744461	26.138625	0.327108	1.671118
9135	130.160718	58.964741	0.236971	0.708589
15943	193.680232	26.580920	0.229520	1.588908
14490	134.613825	29.015110	0.273217	1.710693
5123	163.215557	35.101589	0.318494	1.371544
646	202.464448	-0.070695	0.237556	1.733056
18529	159.548100	17.472311	0.370369	1.019716
13231	154.751764	15.562027	0.252020	1.382427
11581	130.886139	13.827305	0.345418	1.213559
6906	207.957970	3.195178	0.235913	2.190537
10417	200.862361	7.111776	0.338789	1.982092
12354	152.179720	11.070481	0.161665	2.872621
17747	186.166355	30.372891	0.159641	1.920900
7244	138.479623	6.324880	0.283856	1.120157
259	195.688392	1.497347	0.361885	0.851796
12569	225.584699	9.689255	0.325126	0.941159
16669	189.905368	20.735740	0.293744	1.952668
18557	173.373347	20.145171	0.192307	1.873991
111	233.778595	-0.389775	0.373540	0.650635
10372	190.404593	6.908236	0.385454	1.563154
16964	139.969938	31.036117	0.417718	1.243513
9550	127.328578	58.880559	0.353323	0.764446
583	214.910668	-1.683240	0.338099	1.254641
20475	219.481320	49.719763	0.377935	1.538896
7477	238.387190	12.167598	0.371588	1.083266
17966	148.639954	21.760055	0.296120	1.632434
17900	175.304157	26.473678	0.285190	1.885061
3765	223.377833	35.561116	0.370247	0.522163
20695	202.893535	49.534764	0.332929	1.361548
6091	198.073811	3.934294	0.359532	1.022743
11822	216.956982	14.510600	0.372476	1.572537
3522	150.446863	43.083726	0.258089	2.055724
20344	174.287215	50.061738	0.291692	1.723907
15793	149.340569	23.840864	0.207978	2.268125
10938	198.984533	12.811885	0.386268	1.439222
10830	159.576053	13.597133	0.302812	1.360207
23040	218.049823	49.741855	0.192983	1.451058
279	210.077922	2.364941	0.243555	0.898005
20155	205.881057	47.953017	0.311021	1.563475
20899	215.587472	53.549393	0.225949	2.001465
12974	139.101153	18.155500	0.307683	1.840012
6832	241.816999	3.779365	0.248203	0.479150
