VoidID RA(deg) Dec(deg) Redshift EffAngRadius
6939	171.486506	19.606025	0.407100	3.910260
4799	247.617707	32.473504	0.226899	6.309721
6915	189.623179	25.676932	0.368268	4.726681
6919	188.670506	26.191969	0.326823	4.586979
3011	207.172946	4.834896	0.365640	5.013595
372	210.838649	0.602523	0.340155	4.164195
1301	119.720730	19.894203	0.215726	6.719047
10186	236.544701	42.465723	0.169753	8.247104
5320	135.490883	11.236614	0.209517	5.775032
6833	206.732592	27.007821	0.357911	4.917351
2257	152.638398	36.751906	0.184524	6.694835
6920	198.768456	23.788156	0.332658	4.103585
6980	147.343267	34.947990	0.196700	7.186013
1469	132.683527	22.477220	0.280497	3.972065
8690	228.739655	47.317850	0.222111	5.051400
2092	161.487562	39.320875	0.245623	6.129030
6412	141.359158	26.941167	0.386663	4.547423
3336	225.181158	3.941305	0.197127	7.253585
4925	234.565997	11.537109	0.269255	3.903097
6395	154.445638	32.983834	0.360329	3.849605
4960	204.384044	6.501831	0.378478	4.369348
5147	132.817988	13.890827	0.253383	4.495574
3335	216.221975	3.309223	0.183788	5.086953
4154	232.006749	41.047093	0.182497	5.036912
6349	166.508051	34.738506	0.355813	4.524586
8623	170.972797	46.424873	0.380460	3.693880
6863	165.752748	19.411021	0.280527	5.303319
5053	206.770367	11.781881	0.342161	3.300588
5020	153.724716	11.165882	0.341159	4.551363
6876	155.914712	22.256012	0.287217	5.321608
3483	187.149329	5.938387	0.265503	4.370046
1771	132.841030	43.415740	0.346654	4.736409
2207	152.421571	36.145468	0.349434	3.763531
6880	205.823723	20.533727	0.390580	5.062721
5280	203.767137	7.545402	0.339615	3.201259
2083	180.796419	38.147133	0.361740	3.851062
5267	134.627673	13.562171	0.239857	5.810835
5048	165.504486	12.612351	0.364091	3.811361
6762	161.711145	27.801799	0.293340	3.528290
5024	151.614928	8.549798	0.242936	5.911746
8597	238.056224	41.387177	0.334265	4.217759
426	199.036115	0.554374	0.324658	3.823346
1814	162.765579	38.933732	0.398440	3.617827
6850	155.181266	21.360619	0.270887	5.277190
4973	205.285319	7.596044	0.298196	5.543086
4962	169.430298	8.349495	0.191186	5.275797
4094	242.791915	30.674940	0.257020	4.923170
6764	140.897862	20.820791	0.353655	4.072507
1698	123.195233	13.789504	0.299367	4.792400
10201	227.594406	47.634143	0.177122	4.627831
5172	144.654313	17.528234	0.375875	3.636783
6907	169.289046	21.186499	0.232262	6.509894
5123	167.609738	16.268658	0.322279	4.880557
8095	244.741889	43.232703	0.381004	4.256014
10068	212.486750	48.534136	0.198874	4.664615
2866	212.741896	2.378257	0.200967	6.230626
6868	193.430120	22.301391	0.378129	3.188069
6362	140.997328	36.244898	0.338414	3.801119
6748	136.946488	22.386762	0.334124	3.404750
6924	175.104880	17.825796	0.255551	6.230650
8633	211.560683	47.179813	0.325526	5.747489
7352	252.802680	38.053263	0.244136	5.774324
5015	166.836253	10.157527	0.303789	5.063366
6898	203.921585	20.916907	0.344726	4.852103
5268	145.873959	14.396754	0.268306	5.358542
1341	128.008603	26.479268	0.200561	5.370023
6906	201.319502	22.412932	0.205555	6.003359
2216	160.454688	42.363069	0.399697	3.030890
6440	151.012692	29.391285	0.275789	4.963784
1866	167.503154	40.755231	0.215497	5.880754
3521	177.197143	5.297382	0.246130	5.186266
5195	220.494774	15.604552	0.377063	3.273066
4786	245.975805	34.899014	0.228470	5.911701
6379	200.495499	19.095730	0.217595	6.552641
115	209.665606	4.074595	0.228776	5.153878
2183	139.345427	39.981887	0.342379	3.736955
5064	177.282820	11.829814	0.404177	2.849676
6834	196.805480	23.582063	0.299786	3.366849
7001	145.889780	28.445950	0.163665	5.511494
5246	133.188500	11.815531	0.275663	4.585992
6937	166.221568	19.433729	0.356459	3.742808
1280	128.703414	28.561942	0.382775	3.882372
5375	190.449484	14.722294	0.203772	5.546947
845	251.998552	24.244100	0.291293	4.339059
3906	255.309850	37.538405	0.230882	4.038396
3639	229.489362	6.712413	0.344684	4.051776
3100	125.694414	4.436771	0.335136	3.944961
5093	193.861502	11.137237	0.324085	3.544115
5183	140.523689	18.242016	0.227330	4.164201
7223	138.657907	21.810822	0.310070	4.348039
4814	238.711703	6.789147	0.391494	4.442462
4611	230.990224	41.612653	0.406879	4.250068
8766	186.194413	48.585432	0.337358	4.051423
10276	228.323940	50.114700	0.350391	4.601468
9952	195.047649	51.818676	0.165480	5.265360
2864	219.691431	2.643935	0.249905	5.351014
5068	175.549434	12.867930	0.194428	5.610188
9641	250.586682	40.449297	0.203182	4.877729
5444	150.565680	15.905470	0.351913	3.300465
3949	229.611061	39.637802	0.309736	4.460938
6830	197.345935	28.884510	0.367001	3.477171
3013	212.466083	5.654693	0.324520	3.150309
121	233.692664	3.401408	0.362903	3.775487
8635	211.409433	47.701644	0.283545	5.236111
5166	132.045108	13.253886	0.381902	3.636087
7270	150.846407	18.912114	0.382442	3.655411
7241	168.535975	28.520558	0.185800	5.333636
7216	208.470587	24.573156	0.328586	3.143645
4770	133.166458	21.506898	0.199675	5.327972
5383	134.428231	14.332238	0.407964	3.050930
2217	162.826097	42.071945	0.368313	3.604263
6351	134.021480	34.922295	0.329629	3.304639
5423	218.099839	15.205917	0.361049	3.593092
3635	238.534809	6.241023	0.289928	4.372062
1792	138.171992	40.139771	0.221014	4.654041
5023	148.833193	10.790091	0.342228	3.869050
6943	166.881241	19.972226	0.349754	3.005140
10324	215.701890	42.835753	0.232097	4.617499
2959	173.521013	4.378247	0.391919	3.492478
5002	188.254728	11.564366	0.384060	3.366551
6861	193.403361	22.418842	0.297768	3.603339
5325	163.651166	14.160767	0.338010	2.345785
5100	207.985045	9.916660	0.295628	3.673522
3823	182.679711	6.600277	0.185105	6.169445
2093	165.525491	38.274738	0.405545	3.249848
578	248.972983	19.208013	0.253304	4.667708
5407	223.765250	16.902355	0.351256	2.968726
1435	122.831171	14.633964	0.248709	3.632232
3012	209.349947	5.156499	0.294849	2.980291
7254	195.243301	24.930373	0.166487	6.833940
6407	134.639177	33.308042	0.291476	5.083305
3124	229.301550	5.738040	0.252386	4.461694
2139	178.468680	31.895339	0.269619	4.175336
3004	197.923377	5.355334	0.315093	3.366449
6369	174.823686	17.007390	0.403330	3.143564
7255	199.112959	24.202175	0.252480	5.851710
5342	195.268474	10.693347	0.285613	4.062589
8595	226.522492	49.270944	0.320737	3.929620
4108	241.350990	31.628864	0.311581	3.992221
1794	145.571175	42.138660	0.299195	4.745629
5173	145.987863	18.032081	0.350779	3.127903
6587	169.531147	32.986510	0.325564	3.429682
3950	238.201985	33.880801	0.260254	3.885717
7029	155.841994	31.764402	0.377326	3.805635
7250	162.263788	25.835533	0.305042	2.846514
8299	189.480711	53.245821	0.371693	4.443831
2210	149.345698	37.239518	0.177923	4.609138
4994	167.968558	8.293358	0.354701	4.230598
8408	196.598547	48.902296	0.326298	3.896489
5070	195.356389	13.705978	0.350590	3.881177
4113	240.328344	31.431075	0.307805	3.295392
1467	120.634233	16.668135	0.345014	3.896036
7230	144.059261	24.525043	0.240044	4.754115
8835	227.995577	44.144653	0.403659	3.626560
1365	126.947890	21.405301	0.388335	3.127207
7244	177.088495	26.593855	0.339720	3.246587
4778	239.763546	39.609740	0.263379	4.835376
13	209.932496	-0.539704	0.380583	3.515408
6942	166.470394	19.225257	0.322379	3.559573
5432	158.917281	17.997251	0.249666	4.053364
6399	136.838655	30.694175	0.377073	3.593470
6893	214.083121	18.990642	0.297874	4.464282
7291	204.744603	21.803730	0.317997	3.594526
6688	197.008025	28.762502	0.348325	3.346507
8670	208.883429	46.929335	0.281669	4.542775
5066	229.914248	8.515056	0.351988	3.659245
7204	219.151283	23.879055	0.366206	3.791227
2447	172.246022	33.523081	0.411846	2.676557
4981	177.924800	8.355631	0.324497	3.985517
2193	148.621298	40.096750	0.402115	3.006042
3543	160.803233	8.049898	0.397974	3.979956
1308	128.376056	29.694940	0.346066	3.050737
5080	174.685587	6.516516	0.396915	3.155656
6	200.829372	0.956519	0.321402	3.260140
4083	259.751878	34.491666	0.350370	3.104258
1260	117.107832	24.271213	0.367071	2.953221
6934	198.785951	18.335781	0.381143	3.622227
4762	132.581246	19.957480	0.361325	3.067181
1356	119.036998	17.010544	0.377099	2.583243
8662	165.343931	46.873816	0.260745	4.650874
2206	152.350845	35.192172	0.235674	5.335309
3618	185.335835	6.724604	0.398284	3.374904
5293	190.997563	9.794863	0.354252	3.516991
2234	165.861388	39.671966	0.176569	7.098834
6405	148.377394	32.456594	0.377881	3.256942
5253	142.002972	14.046493	0.313280	4.242488
5220	211.140230	13.886823	0.399007	4.441025
5003	187.940238	11.690850	0.327230	3.095307
6852	143.995448	17.540729	0.268127	3.998509
7222	143.570046	24.982189	0.375542	2.474355
1404	122.876700	13.235461	0.319065	3.413602
6948	177.733772	16.620556	0.380354	4.005526
1313	122.286329	23.752285	0.410734	3.306409
2187	139.430968	38.452802	0.168875	6.484312
3887	256.287273	30.564076	0.361218	3.263712
6363	170.483308	33.632011	0.338571	2.360304
18	202.736278	0.555225	0.198465	4.714171
8709	217.361984	52.275818	0.307958	3.294554
8659	176.025032	46.662758	0.340540	3.140957
5167	132.908640	14.165035	0.368085	3.821909
28	207.262866	0.166889	0.309704	3.121241
7229	143.669313	21.954386	0.313284	3.308670
8010	248.423200	41.780434	0.298099	4.217369
5142	136.430430	19.349008	0.165260	5.927123
1861	180.383209	37.323742	0.277502	3.594740
4610	227.373601	39.840165	0.365063	4.117980
2869	225.805601	3.202729	0.354671	3.278184
1751	133.394736	44.263749	0.243819	3.893312
8811	208.925949	41.397247	0.386721	3.430990
4759	133.574519	19.075430	0.398365	2.322726
5353	214.487640	10.519941	0.284132	3.572186
6755	163.333250	27.153430	0.361778	4.082660
1843	169.794822	39.877806	0.323849	3.330837
6871	190.556999	23.756522	0.360231	2.090952
8388	167.550408	48.971362	0.296233	3.522948
7320	224.768750	40.982170	0.357937	3.110256
5345	166.749284	14.186435	0.200820	5.620022
6396	148.050333	33.813572	0.332308	4.166618
10330	202.122285	44.643289	0.341403	3.350593
4325	228.614184	41.429609	0.272082	3.855632
6978	135.983334	27.409931	0.168094	5.110560
3723	175.412198	7.638341	0.211167	4.535211
4631	230.875425	41.169392	0.254232	4.106688
5357	215.026367	8.952301	0.262828	3.475591
1831	161.952952	41.295482	0.284580	4.695910
6965	197.514541	16.492118	0.313098	4.236998
6918	218.906690	21.240037	0.357340	3.620033
5238	198.159021	15.702719	0.385874	2.768241
6760	140.049917	20.738666	0.238726	4.282765
8289	180.858790	52.875202	0.328286	3.755049
7248	168.978865	27.993032	0.378411	2.681428
7170	162.366060	29.454106	0.354303	3.510043
6692	201.117046	28.931455	0.380818	2.870780
1682	127.423780	21.655437	0.348441	2.432096
1376	124.183503	15.906121	0.243375	5.027115
3400	214.891843	5.736872	0.266072	3.585931
8596	238.045521	45.105833	0.313725	3.427208
5087	225.481466	7.240661	0.191453	4.147182
8583	212.543876	51.614018	0.387924	2.760118
7238	140.364369	22.151423	0.173224	6.057859
7315	177.543320	18.089790	0.211925	5.018010
5063	223.459571	8.658874	0.350666	3.619402
2194	147.063265	41.971688	0.190559	3.697753
4323	226.108733	39.836092	0.324875	3.276070
7266	168.017590	21.536338	0.235658	3.433500
4969	198.732614	9.160898	0.197920	4.861038
5225	226.186387	11.435558	0.260386	5.010680
7271	156.229622	22.305874	0.351087	4.387208
6887	203.769836	21.115277	0.207672	3.416801
5335	188.930316	11.567365	0.329943	2.373698
3939	235.026550	37.024057	0.350725	2.986263
5362	210.145112	8.801580	0.348920	3.868907
4956	195.519533	7.637431	0.246661	3.646378
1400	126.012079	15.625311	0.398006	3.406395
4995	182.280602	8.391409	0.306764	4.028763
5252	140.270951	10.617692	0.278217	3.537047
4288	129.706902	45.201589	0.398602	3.040605
1805	148.152375	41.465388	0.198079	4.115891
10207	236.962190	44.751943	0.250676	3.601786
4098	249.749628	27.637157	0.320681	3.325560
6952	171.654977	15.879578	0.379305	2.493837
98	197.382490	2.879456	0.385583	3.982441
7283	216.753982	21.356336	0.161666	5.116648
1795	151.758936	43.131621	0.302420	4.983093
6768	153.713694	28.031203	0.342019	3.409568
1783	139.079840	41.731437	0.282238	3.725396
6926	182.949181	19.355742	0.292906	3.842401
4776	254.484553	36.319842	0.358283	3.752282
8580	234.851788	43.938935	0.328757	3.230166
5067	158.810886	13.215316	0.248836	4.342361
6806	189.429718	29.163129	0.335404	3.755961
2138	177.072734	31.404589	0.352902	2.713301
5205	153.087560	17.587653	0.338167	3.125822
375	205.737849	1.897915	0.180085	4.482083
8791	192.527376	43.624453	0.348366	3.383722
10220	205.607981	48.368242	0.244203	5.827755
5337	189.571351	10.404509	0.265031	4.341652
4766	134.627688	34.097286	0.211893	3.869301
6656	168.364512	31.721295	0.282413	5.105198
5299	183.371179	12.838864	0.182545	5.184557
6897	182.056511	23.849324	0.361125	4.024888
6375	195.992690	18.098593	0.288360	3.224708
3724	188.538887	6.897210	0.193567	4.777596
27	201.839888	0.134550	0.392613	3.292469
6388	137.086644	32.509704	0.364189	2.875036
1804	144.062526	38.802055	0.371982	3.174833
5116	222.304638	11.151293	0.345751	3.576825
8828	215.458228	51.626352	0.208487	4.490499
8576	218.661831	50.929481	0.397054	3.398881
5027	136.413229	10.366139	0.376009	3.787623
4096	234.746741	37.706305	0.354903	3.094675
5245	150.224594	13.886608	0.191342	4.557749
6959	190.308374	17.211308	0.347894	3.667478
6947	175.806960	16.275210	0.361564	3.455792
5170	139.090403	15.587178	0.367648	3.366350
5258	142.830020	13.943200	0.406165	3.450536
5378	137.778667	17.776529	0.193507	4.488997
3480	189.489536	5.128964	0.328017	2.613497
5113	216.422883	12.708216	0.286135	4.707494
5017	175.047719	12.612060	0.385021	2.777785
5102	194.363267	14.222802	0.390945	3.572450
6963	176.918031	17.912906	0.321655	2.963156
3503	217.829476	6.261147	0.324469	4.519153
5371	173.679739	13.321382	0.384912	2.514294
3940	245.468104	31.227448	0.324767	3.125736
1319	125.376266	28.454202	0.406263	2.200113
6967	156.763635	17.636257	0.216825	5.191171
5348	195.803247	12.192772	0.275242	3.184494
3553	164.755419	5.589262	0.285912	4.063573
10199	228.559766	48.928353	0.299633	3.486513
5105	192.197513	15.351995	0.294832	3.670189
1659	118.616171	24.423240	0.167340	3.764574
8784	173.811373	44.629076	0.333439	3.278979
7278	205.334055	21.153977	0.243812	4.962953
4959	179.477172	6.826354	0.376616	3.862039
6809	145.073447	19.949577	0.322478	4.011096
5396	139.326611	15.873647	0.363263	2.904979
6741	223.988326	18.626207	0.413219	2.420586
7345	234.476396	40.437189	0.290180	3.874015
10327	204.355803	43.171230	0.330117	3.521832
3496	202.656039	5.868307	0.211581	4.549208
1708	129.188802	14.260441	0.198359	4.195019
356	208.336766	-0.146680	0.223473	2.693511
8774	219.296999	42.403484	0.356133	2.647303
2245	166.704741	36.440034	0.195936	3.996681
5386	222.127894	17.715455	0.348530	2.157572
3937	244.657738	28.670871	0.376320	3.168492
1824	165.184770	45.170055	0.341894	3.604778
4949	155.021984	8.412779	0.407747	3.022311
5338	217.695643	9.384829	0.264874	3.441036
2192	136.233973	36.918228	0.238390	3.658024
4782	251.464015	30.154653	0.262666	3.709633
2128	176.995386	34.433378	0.332430	3.770299
1323	128.820908	24.706657	0.297907	4.109133
3393	212.604185	4.513863	0.298153	3.142906
5234	167.152183	16.531685	0.260115	3.747454
7247	160.679718	26.143136	0.336287	2.740173
1787	143.102504	41.968573	0.348568	3.193784
5365	208.034453	15.069545	0.171349	5.802672
7328	187.452509	44.737752	0.342714	3.054091
8290	191.488860	52.341230	0.252361	3.993181
420	199.948147	2.268150	0.376636	2.219467
5128	135.879836	10.375225	0.312122	3.185858
7292	206.004720	23.075873	0.186421	5.257047
3955	241.389010	35.872924	0.302207	3.455197
3501	180.309929	5.106532	0.203649	3.446397
1364	129.470128	23.325613	0.387965	3.310075
2438	165.698793	34.408106	0.302984	3.596918
3777	212.240190	8.472286	0.253253	3.279078
417	197.811993	2.886680	0.340046	2.629933
7257	158.311089	22.767977	0.177752	4.824117
1676	123.188082	25.605346	0.163271	4.596460
5301	150.709397	8.852558	0.187882	4.820183
2425	177.351023	39.236911	0.340867	3.304219
3926	255.573762	27.805833	0.244895	4.294232
4803	252.923481	36.260742	0.333815	3.452693
7276	218.792784	15.643219	0.203136	6.017290
6655	149.456575	28.290975	0.302152	3.961494
817	252.820251	21.642965	0.356054	3.232944
1282	131.337430	32.500907	0.357377	3.123046
6665	204.047048	27.221697	0.317417	2.534619
5452	204.087859	9.875592	0.178406	4.827843
2154	139.214238	44.850142	0.378721	2.635684
5329	180.649819	10.327240	0.376455	2.586828
7303	195.990887	22.148199	0.243997	4.457123
5413	223.814751	16.912277	0.350762	2.861780
564	248.811367	21.252164	0.341999	3.628577
1775	138.721094	40.834923	0.247423	3.529520
3872	258.690047	36.667588	0.325726	3.184511
5307	151.406553	11.170849	0.183043	4.076525
1348	129.704570	22.653664	0.243139	3.571874
5288	171.760712	9.439609	0.285548	3.254510
4992	164.985521	10.871578	0.239152	5.041774
5341	159.400049	10.209446	0.268806	5.037602
3935	246.097056	28.886209	0.281935	3.414526
3014	220.409322	4.031100	0.367489	2.957620
5204	151.389479	18.228048	0.380615	2.504676
8618	233.830929	45.947778	0.384109	3.196148
7231	147.856285	25.327161	0.401100	3.537656
6853	148.795879	18.900898	0.229711	4.264889
592	246.297804	16.183383	0.280044	3.368453
5041	173.506175	17.353856	0.266280	4.312850
5282	159.112621	8.071649	0.267035	4.016818
5440	131.007920	11.221354	0.184775	4.574683
10348	176.435315	41.891430	0.204068	5.121404
5417	211.589379	14.294817	0.404793	2.603331
116	215.000195	2.470440	0.356282	2.811222
3021	171.239627	4.978318	0.310282	2.266942
5377	193.546583	14.648799	0.254253	3.535541
1472	128.955874	21.828453	0.237961	2.938624
3743	159.199238	7.366079	0.203117	4.440018
6686	211.918245	26.966773	0.304187	3.393597
7226	163.292696	29.172567	0.162095	5.170035
5374	191.293742	16.768416	0.182630	4.258786
6345	202.037835	16.758013	0.276018	3.443891
5129	137.817401	8.978989	0.330312	3.599360
1325	128.616186	26.355781	0.316062	3.560739
8503	178.309584	50.455804	0.362549	3.251728
10359	212.737600	51.704879	0.383115	3.252866
1330	129.405100	27.168037	0.238996	3.789981
7259	161.337948	22.847126	0.208840	4.964898
8298	181.754359	51.879015	0.217231	3.624461
6666	210.100104	26.092058	0.277824	4.046956
2189	140.060284	41.542976	0.372668	1.982206
6975	157.904333	34.013674	0.298824	4.017737
3945	244.893431	34.114274	0.188275	5.777755
3638	218.219349	6.784584	0.376596	2.416873
4089	257.328891	29.639124	0.250104	3.585783
6350	140.859581	35.093753	0.326838	2.594391
6972	137.239616	33.291846	0.407459	2.633433
7190	207.377824	27.818097	0.368383	2.706652
8788	196.555833	44.459983	0.291958	4.541013
6780	185.352685	30.260934	0.386774	3.736409
6969	139.040188	30.841630	0.197261	5.856385
4802	249.191417	37.167051	0.385996	3.471289
835	253.617665	24.397379	0.293212	3.134314
6786	170.622765	28.358922	0.384185	2.405253
3525	211.261778	5.882568	0.288435	2.677528
5011	169.235558	8.241907	0.378296	2.642002
6879	179.962248	22.695408	0.317347	3.229531
7316	171.246484	19.355205	0.226634	3.163258
3956	231.078959	39.192307	0.236069	3.854077
5076	182.038136	6.601468	0.284567	3.456076
5327	168.008444	15.980391	0.383664	2.432834
2199	148.454050	37.356257	0.403528	3.218376
8075	243.799309	43.614818	0.353319	2.553112
2167	135.449097	41.149683	0.403711	2.988760
4755	131.596219	33.055049	0.230355	3.996589
4947	139.580162	8.135826	0.369359	2.733416
3642	238.648485	7.087586	0.291191	2.967668
3018	220.397742	4.277461	0.254791	3.862189
6715	216.192277	23.738058	0.218859	4.064735
1387	123.633883	14.399626	0.216065	3.801969
4117	259.266866	32.669592	0.303458	2.962362
1337	118.898549	20.934886	0.294540	4.641917
3508	150.520539	4.588424	0.376177	3.689200
6650	164.826371	30.541912	0.190016	5.181407
1695	124.318590	14.757502	0.163532	3.696146
1822	161.638153	43.267945	0.334995	2.738904
4748	130.779514	33.184632	0.262530	3.248576
6859	174.038341	24.623691	0.346887	2.405812
5321	163.049599	13.931879	0.314735	3.272188
1750	134.702364	44.184527	0.230738	2.359206
6756	170.955215	27.893928	0.322236	3.287732
5356	199.259315	9.631670	0.320078	3.538058
4784	248.805087	31.593793	0.378123	3.021736
4783	250.526943	29.570750	0.302493	3.148524
1770	131.323229	44.997834	0.274279	3.554599
10221	209.681631	48.302954	0.196217	4.579529
2997	213.226245	3.655078	0.402128	3.558204
6680	192.023402	27.569878	0.381121	3.117935
5108	221.897818	12.209265	0.394451	3.469310
773	247.699337	16.094511	0.220993	3.439838
8777	185.179517	43.872630	0.378558	2.991552
6983	158.655672	32.927752	0.304694	3.330462
4754	133.224658	29.811020	0.349256	2.872409
2868	222.986943	2.886623	0.235308	3.817604
8660	181.767527	46.847495	0.324424	2.719121
6752	134.568858	22.571494	0.275356	3.357142
6677	217.476141	25.423863	0.332636	2.909355
6794	172.366249	31.541871	0.277459	3.524504
4978	134.066767	17.854251	0.390170	2.451829
1322	127.126914	27.155693	0.313378	3.158666
5098	196.518249	9.978642	0.241240	3.473475
8808	182.814886	43.902163	0.387149	3.176011
3518	189.373326	5.071176	0.364769	3.190706
8569	192.707428	54.367673	0.388494	2.780826
6976	147.365666	34.249360	0.379826	2.637826
3799	239.759064	9.669278	0.357418	3.654794
4324	224.151418	39.298626	0.217413	4.733502
44	213.278480	-0.377169	0.327993	2.381267
6845	158.958412	22.046002	0.300675	2.785371
5244	143.230098	13.375372	0.237601	4.326198
363	224.091229	0.207265	0.349026	2.863543
881	250.501269	20.661125	0.402160	2.607725
2948	180.053746	5.120089	0.292884	2.803202
5426	233.282079	11.194157	0.183531	4.482597
2238	166.150731	41.570547	0.375785	2.566376
7225	148.830262	28.623416	0.359287	2.921833
5236	163.251815	14.659394	0.225846	3.388077
6754	158.869198	25.571307	0.224782	4.996246
1675	127.024537	24.485330	0.216313	2.951866
7	206.895172	-0.932059	0.340234	2.031227
8288	179.212410	52.432207	0.324797	2.049314
6821	147.306113	25.390292	0.163882	5.215624
1317	120.128038	23.553429	0.331739	3.543206
6787	175.625944	31.192971	0.350051	3.698560
5243	132.603943	12.012017	0.331008	3.637846
1815	146.488002	34.358882	0.308500	2.276111
5237	199.672479	17.148491	0.252614	3.557190
103	232.829045	4.119374	0.269440	2.775207
7965	244.812085	44.064197	0.325447	2.729855
5451	199.685074	10.307999	0.195275	3.228794
632	244.537599	15.838394	0.370858	3.423225
7280	171.357397	23.874037	0.341516	2.922717
5099	205.495535	8.982309	0.253490	4.396664
5872	150.184179	48.421415	0.363474	2.663544
1399	124.282737	18.216549	0.330583	3.108299
6734	216.498831	22.019736	0.162635	4.265113
6800	179.334224	25.440417	0.295678	4.244654
1265	116.862190	25.162034	0.230071	2.304246
6974	142.842019	32.131214	0.364883	2.736380
5065	212.810001	12.677380	0.385510	2.798255
5373	199.353241	15.941912	0.360277	1.844198
2130	181.473635	32.363414	0.378059	3.431952
2091	155.604577	35.187375	0.301350	3.526357
5094	223.793164	8.954705	0.411089	3.127049
6585	166.973395	32.796266	0.403540	3.156515
670	246.719982	14.486665	0.367670	2.216711
6831	199.311053	27.466173	0.335476	2.232263
4338	212.323422	40.795923	0.332199	2.536437
10238	187.827929	47.715520	0.214185	4.254693
6803	169.276739	25.167401	0.397418	3.153016
5359	201.046591	9.227232	0.264661	3.866439
5361	201.883570	8.302026	0.208192	3.206307
6420	158.090880	31.348820	0.263697	3.243829
4775	252.739140	35.275053	0.391531	2.888999
1786	136.820299	38.141654	0.322422	2.604684
3870	256.152624	36.091610	0.350362	2.701124
6772	188.096453	28.652956	0.306441	3.678549
5421	215.458097	14.487137	0.325922	3.268152
1813	156.512507	36.644124	0.346222	2.518693
6816	136.894618	20.154834	0.314435	2.938007
5079	169.285200	8.195515	0.249011	3.893887
8798	200.744805	50.299502	0.400650	4.010661
8097	251.665509	42.062203	0.382155	3.045825
3551	151.342178	5.765748	0.297704	4.096340
5446	142.721764	14.403353	0.357084	2.899535
5035	187.374025	13.584511	0.408742	2.735020
4104	245.381526	29.256474	0.208214	3.497081
8630	193.404143	47.804071	0.382550	3.544724
5036	148.355253	10.864162	0.212867	3.877438
5165	135.370865	13.315126	0.287425	2.571776
6854	163.021569	22.679093	0.304819	2.426304
593	248.542812	17.503872	0.222215	3.374971
8789	170.912547	44.077432	0.318506	3.465085
6860	162.807175	19.718119	0.367646	2.249882
4761	132.658255	23.578830	0.408918	3.319046
5211	208.068113	15.790105	0.345975	2.580459
5136	198.998752	16.648077	0.245148	3.528664
4329	221.383323	38.341326	0.394021	2.903847
1796	149.370776	45.631105	0.284436	2.431045
10351	193.658951	52.108910	0.357907	2.837026
3407	148.152576	5.240247	0.271222	3.803084
3964	240.523434	31.363586	0.366376	2.183314
1784	150.467616	44.428173	0.268966	2.290812
1680	118.465139	17.951152	0.241743	3.091179
7300	173.430393	20.057201	0.287804	3.296821
3961	238.002914	33.801505	0.324192	2.741519
5230	165.613586	16.667952	0.255594	2.654444
4971	218.635308	8.958330	0.209234	3.971519
3040	229.615529	4.069916	0.282546	4.494214
6766	173.901055	28.246975	0.246485	4.514219
6858	173.276632	24.818444	0.277220	3.392534
5428	230.195774	13.128243	0.381563	2.729886
7239	172.689143	29.856026	0.174421	4.570223
101	231.381976	2.868350	0.360109	2.780534
3616	192.438191	5.464866	0.279066	2.648667
626	248.561048	14.005185	0.407422	2.254884
3781	234.481884	4.127181	0.196655	4.165056
5227	207.044221	18.541840	0.334668	2.126197
7233	178.565893	32.407012	0.188846	5.496558
3005	226.630889	3.970278	0.382622	2.763248
7265	187.627510	21.390156	0.293829	3.505917
10323	212.759922	42.178952	0.196518	3.862553
7260	162.225390	22.167791	0.288040	2.730938
5135	182.902111	14.442637	0.392176	2.862370
5376	204.822667	15.564640	0.364264	2.613533
6558	165.276113	28.897563	0.273248	3.982906
5018	142.205432	9.418442	0.327052	2.208699
6387	141.507450	32.112543	0.374083	2.248118
6865	153.614458	20.373358	0.333462	2.978074
6908	220.500338	20.589317	0.409031	2.495632
2424	168.456325	37.065861	0.317229	2.636741
5047	185.503239	12.281566	0.208481	3.739823
5419	206.926597	15.336574	0.205120	4.603413
5266	145.218830	14.357658	0.319540	2.645166
7273	214.441686	19.430570	0.201847	3.118980
5281	176.729577	7.407286	0.173864	3.749456
5226	230.103519	12.358875	0.302861	3.926015
1688	122.261280	16.552281	0.279734	3.035184
8783	200.756490	43.442356	0.246431	3.790873
4336	230.070478	39.548650	0.334475	1.571717
1740	121.388182	18.704902	0.381780	3.161498
5412	148.617567	15.373114	0.312048	2.604074
5008	156.059014	8.308596	0.357055	2.324652
6383	140.133335	31.383069	0.221867	3.565845
7000	135.197418	24.148975	0.217008	3.824954
834	254.759930	26.584722	0.224471	4.085364
14	216.013135	0.342173	0.249319	2.641988
1673	120.205555	25.518378	0.370621	2.311170
26	199.631517	0.256199	0.248862	4.230081
1785	143.850701	42.395872	0.393484	2.712439
6941	175.604018	18.777606	0.355912	3.413551
5285	191.635212	8.412792	0.206649	4.187045
3495	192.820696	5.114005	0.342547	2.294818
5405	214.127333	18.700869	0.358716	2.607529
8098	251.754762	43.378378	0.335030	2.065585
6828	188.607280	28.243095	0.244491	5.442560
8516	202.445518	53.014439	0.341398	2.834103
1288	116.872306	19.922903	0.411020	2.270700
4111	241.558971	33.876199	0.390822	2.767319
390	212.628043	1.770876	0.408296	2.099097
2909	158.425898	4.376244	0.398330	1.991796
3886	253.584509	32.608472	0.267460	3.723467
4110	246.897760	32.575683	0.348827	3.220818
7503	249.530875	42.342425	0.195615	3.241282
4756	133.292601	25.589396	0.330170	3.450201
3918	255.180991	28.517573	0.171910	3.747103
3022	184.001083	4.664831	0.408143	1.948181
4785	251.229788	31.964266	0.328788	2.406836
8407	167.297078	48.399876	0.370273	3.077870
8719	222.331315	52.501946	0.403199	2.165009
7302	183.551890	21.424757	0.166359	5.474365
5310	142.800966	10.403465	0.308165	3.118277
10334	213.356033	41.639442	0.344888	2.323139
4817	239.274667	9.366248	0.265919	3.786611
8795	185.717525	46.079697	0.281163	3.759992
1421	125.685309	14.697642	0.379985	2.512577
5073	200.096505	12.394463	0.335691	2.776299
4628	215.657823	40.197222	0.305798	2.150998
5308	156.495830	12.423964	0.385330	3.180329
3522	189.593185	4.872674	0.308534	2.914052
3931	256.561071	25.301860	0.268238	3.384615
6729	217.446822	24.462654	0.336313	2.264291
6867	162.601474	19.837870	0.353380	2.004991
6722	219.631289	21.526915	0.271391	3.603509
2219	169.208466	41.243867	0.167687	4.023928
7288	172.504196	24.322047	0.216597	4.192891
5347	185.273485	13.265908	0.333843	2.235505
8700	228.130871	49.952918	0.248349	4.217915
5028	135.038441	10.007626	0.402000	2.475572
8629	181.547937	47.895973	0.229112	4.696299
5360	216.415727	9.867336	0.403553	3.055077
4794	238.455146	37.276826	0.361177	2.414131
6925	184.133370	19.288571	0.339011	2.356460
3634	232.230722	7.168331	0.255471	3.131172
1272	122.415259	27.136628	0.376519	2.068525
865	248.893508	21.638112	0.345055	2.949372
3025	198.031586	4.887357	0.287225	3.190471
8718	217.045421	54.408634	0.371696	2.407505
10178	214.059593	48.864751	0.164868	3.501962
3156	178.789129	4.170170	0.343968	2.094346
5409	157.386096	15.566925	0.205849	3.843903
94	221.706152	1.404353	0.334156	3.054148
7169	144.464605	27.380546	0.337283	2.716300
808	253.260639	25.577019	0.346405	3.057164
50	203.365670	1.865705	0.276667	3.119804
2101	153.803542	35.402220	0.396406	2.846503
8343	151.006377	46.555109	0.263682	1.886929
7235	153.098651	26.474465	0.203483	4.104419
766	248.476125	15.132321	0.333713	2.900589
6724	207.440669	25.401171	0.333462	1.722207
1670	121.139404	25.624788	0.257612	3.400638
8375	185.781450	52.980049	0.285543	3.567306
5031	182.615211	13.835564	0.349272	2.245220
3722	190.841717	6.522950	0.326774	2.456693
5334	171.771806	10.904238	0.228684	4.094594
7249	145.159982	23.032214	0.405799	2.823390
6899	183.076431	21.851548	0.332465	3.277595
3023	193.194761	4.351394	0.340921	2.841044
5370	154.878181	12.433955	0.166610	4.859564
6812	151.170175	24.146009	0.407897	2.775478
6826	183.320267	28.632206	0.254434	3.337401
6480	135.395342	24.747464	0.287642	3.711703
6414	136.926144	28.218835	0.255103	3.964248
6946	195.964953	21.638912	0.366261	2.363247
5255	150.998286	14.695346	0.407276	3.250928
7256	146.921654	19.264516	0.241721	3.048844
1293	120.962151	26.196368	0.293455	2.795267
7232	166.140021	28.543709	0.355239	1.824928
4968	191.490444	8.181368	0.254251	3.048832
5403	208.268668	16.739817	0.274288	3.853583
7308	197.011434	18.062863	0.171386	5.039524
7191	210.380530	25.528842	0.219671	3.060639
733	247.645652	17.380666	0.189352	4.704773
5143	136.413711	18.931674	0.288792	2.790787
7028	152.305148	30.163876	0.215250	4.177575
6682	200.153996	26.821374	0.214145	3.962786
1438	130.116805	12.763423	0.235581	3.403550
5521	141.456940	44.654302	0.410195	1.757065
106	203.926623	3.098196	0.403850	2.798691
3401	206.432109	2.979814	0.333237	2.416600
8628	180.983605	48.747341	0.302053	3.317249
5235	167.400894	17.783967	0.235163	2.257602
8824	198.681765	51.838950	0.224204	3.361357
6857	163.433203	23.304091	0.242402	2.766435
857	253.222311	23.919674	0.322216	3.118533
2196	136.705432	37.696436	0.380834	2.784051
10191	215.740565	55.060122	0.332293	2.206966
6649	161.397415	30.038677	0.330299	3.186872
5271	150.859110	16.003113	0.323355	1.857033
3163	175.983668	4.400329	0.302667	2.468354
5217	229.594571	12.811037	0.307413	2.728920
5289	173.384039	10.186140	0.317653	2.902861
3919	255.180200	27.941411	0.383352	3.320670
6370	213.767425	19.282444	0.277192	3.639950
10331	195.449851	45.351042	0.409844	2.668814
3524	183.376843	6.691903	0.408310	2.477355
1279	124.372728	27.678725	0.326255	2.915021
7205	221.296257	22.686106	0.192323	3.618183
6836	180.001585	25.380083	0.393352	3.164618
129	226.363577	1.312693	0.315165	2.988912
1706	127.034847	14.007312	0.337696	3.029515
5122	167.761974	14.901050	0.405936	2.783783
2331	224.370539	36.902859	0.327317	1.871382
5233	202.910672	17.651927	0.345184	2.496121
5194	221.465172	15.820894	0.331025	1.993623
4975	213.837685	5.674398	0.166037	4.577170
2126	180.317830	35.308203	0.234587	4.488829
2443	176.477542	33.009763	0.186091	3.331128
4901	235.929197	9.228708	0.403962	2.323289
8723	220.014346	50.558394	0.288295	2.993240
5322	181.884662	15.280767	0.184561	3.012950
6705	215.912047	23.941611	0.250822	3.510138
10210	237.876843	45.783282	0.383155	2.018298
8770	189.728809	46.226557	0.211781	3.253130
4970	184.935394	7.143276	0.224327	3.813742
8823	194.314715	52.811455	0.215512	4.933409
758	246.500454	15.595946	0.252482	2.350656
7289	171.997157	22.714130	0.388938	2.321461
5191	214.519610	17.616830	0.379759	2.229562
6985	161.596481	33.791821	0.224017	4.193532
8575	218.977689	51.293708	0.302696	1.922770
5363	217.051969	9.894066	0.365238	2.374274
3936	230.924124	36.167197	0.312782	2.697883
6927	191.009466	20.906166	0.336378	2.029037
3836	242.050210	28.358355	0.354798	2.611277
7261	157.700565	24.874558	0.202443	2.721457
4790	249.213719	36.555474	0.296817	3.476100
4097	247.985161	28.589126	0.172062	5.233602
3666	236.156729	11.553936	0.332235	2.531034
5134	208.067626	14.712064	0.226539	4.068961
5319	161.582123	13.868236	0.358185	2.023892
3513	235.473166	4.681083	0.361682	2.283694
7262	157.793731	22.611810	0.177072	3.216035
89	229.885866	2.141748	0.288637	1.932167
7846	250.037106	41.497946	0.350904	2.766360
1791	134.188226	36.249939	0.356501	1.821950
8836	229.270534	45.382593	0.358309	2.197696
10271	238.064152	44.413312	0.283608	2.580301
4984	157.652614	7.710452	0.394526	2.067643
1817	144.680968	37.496390	0.263313	5.065774
6822	173.634389	27.482661	0.391420	3.237803
5045	183.203432	12.179015	0.242240	3.987748
6778	152.282555	26.006590	0.393088	2.504604
4752	129.289094	25.074307	0.361692	2.170076
82	205.155119	0.875744	0.367766	2.775821
10063	213.294767	45.027028	0.166269	4.689587
10185	230.807917	45.570709	0.363470	1.964620
6481	160.081456	32.176458	0.209386	3.391400
1865	180.093186	39.655781	0.373195	3.013326
4629	220.658212	39.311687	0.272898	2.701168
5208	221.240642	17.121440	0.294458	3.470511
1701	124.802004	13.883831	0.367671	2.291898
5213	223.027004	12.682564	0.302929	2.870293
10138	169.940876	48.361873	0.243749	1.876093
7348	254.308307	40.356833	0.184791	3.896471
7290	184.110558	24.694453	0.217133	4.637394
5358	214.747201	11.460033	0.175528	3.735349
6962	184.348398	17.236010	0.401802	3.162202
6348	171.972321	32.429456	0.328421	1.793584
3492	127.205324	7.680495	0.290573	3.507395
5434	162.486263	16.171734	0.403428	2.984244
1681	126.613178	24.940817	0.187563	2.813836
6910	171.355886	24.215907	0.331218	1.819797
6401	138.095018	26.212075	0.354446	2.278155
7208	217.838482	22.354968	0.204535	2.594736
1690	130.529891	21.429670	0.264956	2.127397
10217	173.929515	46.965294	0.187005	3.959407
7166	154.803525	28.976434	0.171116	4.084002
1107	115.731864	26.781535	0.361461	2.114693
3354	168.495051	5.358223	0.212114	2.378936
7287	188.956338	22.392705	0.189333	4.099400
5284	171.073898	7.627533	0.407602	1.946351
1327	125.057602	26.214839	0.379908	2.016513
5837	133.653974	47.526258	0.376797	1.511723
3516	186.559092	5.584487	0.255227	2.909699
6954	183.260478	17.731631	0.405550	1.889586
7351	220.711837	41.225897	0.377372	2.721568
4135	224.866712	36.922388	0.273186	2.531521
9649	254.943997	41.705976	0.344005	2.649920
10337	180.317528	44.459423	0.178956	4.214987
8657	171.588340	47.604424	0.194731	3.155861
4941	195.159123	6.057254	0.374835	2.411681
4114	240.899012	29.111900	0.407965	1.918970
3570	148.490822	6.225076	0.301842	2.618792
386	198.081653	0.016307	0.357844	1.994032
1320	117.088983	22.435651	0.326587	1.722417
6885	186.147859	21.170308	0.402439	3.120784
3552	159.776963	5.618140	0.338873	3.037479
7246	178.874978	26.233027	0.204701	3.261109
4833	240.520541	8.687711	0.304369	2.400180
414	201.466390	0.676178	0.324307	2.089715
6892	185.245559	22.161006	0.361798	1.476535
5089	183.364278	10.209864	0.349499	2.959766
5232	201.223580	16.608847	0.334057	2.385225
382	217.408234	-0.742990	0.386694	2.479659
2218	170.756797	40.188778	0.364037	2.456015
809	252.462832	25.323966	0.390124	2.623611
1851	165.342098	41.045821	0.278608	2.510680
10335	213.710500	42.521447	0.409668	2.369486
5276	160.758172	8.090273	0.186030	3.321016
3631	230.450953	5.394995	0.161752	5.076063
20	223.653689	1.026664	0.411185	1.897578
5111	228.121183	10.457772	0.301342	2.585750
6804	172.856224	27.448605	0.370907	1.897462
15	227.654385	0.803735	0.320068	2.177010
6718	207.598162	23.804150	0.261168	2.783722
1391	127.028705	15.691446	0.352203	2.169472
4092	256.186433	29.858111	0.183519	3.168117
5366	215.559826	11.835196	0.210297	4.046011
9345	256.706735	41.691558	0.385415	2.270522
5037	157.098256	12.732209	0.222230	3.792455
2974	163.040705	5.909599	0.211541	2.884656
1468	124.866258	20.178960	0.403893	2.146007
6371	156.042731	17.007269	0.342971	2.774699
8679	230.228661	46.793317	0.411110	2.178595
8665	216.136267	43.181443	0.300758	2.894217
5042	184.731968	16.632496	0.327528	2.762891
10139	169.153160	48.721056	0.204541	3.359942
5294	154.703578	9.692505	0.353819	2.077693
2132	181.544161	35.950819	0.291586	2.380877
431	232.262916	1.838857	0.258221	2.035832
6380	193.820003	17.396525	0.188239	3.952764
5013	176.580324	8.927354	0.348852	2.971677
134	225.068017	1.217225	0.340141	1.691550
5219	225.574920	13.522159	0.385726	2.602680
6869	213.893155	18.716909	0.380985	2.692131
4102	235.881531	34.925276	0.375634	2.363907
2144	175.515629	32.859705	0.405277	2.620760
2215	165.717197	44.438219	0.391807	2.762194
5016	179.594569	9.513883	0.411178	2.341977
3829	202.609675	5.199881	0.158907	3.741820
8500	172.957741	48.493676	0.406878	2.577814
3667	239.466375	9.733663	0.242979	2.733648
10240	188.978993	45.678151	0.182129	3.709397
4945	222.230541	6.530944	0.259944	2.229749
4813	233.677501	7.640635	0.406095	2.455090
4774	251.157615	27.800023	0.345813	2.119000
8822	191.830735	52.376044	0.322300	3.012802
8780	178.211728	43.778140	0.267217	3.657639
5092	218.792222	9.114757	0.376665	1.685711
2860	168.467758	3.967396	0.407594	1.654310
1343	123.853750	22.735881	0.364054	2.628542
668	244.100265	15.177870	0.317239	2.189540
10200	233.025184	47.580383	0.356843	1.714817
8391	223.217620	40.621287	0.255414	3.615398
5367	216.724469	13.288890	0.394737	1.916586
10332	193.920402	45.243370	0.380053	2.894374
4804	250.453779	37.153409	0.364629	2.070217
6878	175.345636	23.122222	0.376233	2.940847
3835	249.560425	26.167505	0.386057	3.116774
2919	162.296675	4.689287	0.331149	2.123690
6832	202.956321	27.875893	0.408564	2.289685
4983	157.490593	8.855056	0.208564	3.105816
6471	144.120471	25.937593	0.335133	2.076977
5418	212.722616	17.144433	0.199370	3.088019
6386	140.654197	33.670924	0.415600	1.969886
2134	176.944215	35.480415	0.302853	2.286825
2181	145.906733	43.602551	0.382945	2.275498
6799	176.590844	26.296993	0.327415	2.503395
117	234.608170	1.737095	0.284587	2.294764
3517	185.582994	4.891180	0.343198	2.451986
5086	227.934760	9.777641	0.164347	3.638710
5049	169.477625	11.446773	0.279862	2.373184
1802	153.906746	43.572577	0.257187	2.730021
6678	198.193999	29.390329	0.324604	2.463713
1451	126.948095	9.640595	0.387823	2.515328
5215	212.301343	15.288177	0.312565	2.751133
5429	204.061414	14.391433	0.177353	3.488473
5369	154.233837	12.401790	0.370211	2.432355
6693	218.277352	25.618643	0.274393	2.902602
4322	224.091766	39.945995	0.217891	2.801340
7329	176.743557	41.286288	0.342707	1.739412
2214	234.916610	33.197860	0.344448	2.199481
3943	240.319469	35.405008	0.378710	2.115178
4967	188.533930	6.027556	0.237158	3.192392
8779	209.987940	41.668547	0.277458	2.559505
5318	132.371384	9.536027	0.340466	2.239341
5114	222.974762	10.793069	0.179079	4.561453
3915	255.542384	25.290679	0.349399	2.353791
8567	192.862503	53.668773	0.283554	3.130198
6438	154.543762	31.129252	0.329865	2.220824
3672	239.913667	11.395671	0.279419	1.585273
8402	177.228904	49.089182	0.316138	2.470773
5216	217.064389	16.685534	0.249848	3.739781
8899	252.687393	42.727938	0.356597	2.023896
10248	230.360073	47.118892	0.285490	2.971601
5062	175.558118	10.811615	0.244540	3.194621
6796	156.383587	23.084508	0.406260	2.754960
5069	183.088355	13.745277	0.302992	2.803313
4777	242.859012	36.080166	0.377743	2.201247
2432	176.941553	37.249717	0.214751	3.379109
8833	224.694188	43.755504	0.342239	1.701578
6408	154.930910	28.900145	0.201486	2.794027
1202	119.404518	26.338826	0.365560	1.605442
6668	221.103640	24.575440	0.326634	2.231362
5141	185.832923	16.455151	0.261470	3.239819
5430	154.035598	14.838622	0.191969	2.897722
7284	221.677838	19.250404	0.235920	3.522303
6652	148.485911	26.131834	0.328321	2.096898
2124	179.063560	33.734013	0.341905	2.411229
7325	149.719793	49.766474	0.346123	1.971294
5330	182.491952	12.639447	0.338927	1.871292
8505	183.464741	50.230446	0.236756	4.215324
7331	150.509060	44.847671	0.355477	3.168145
4171	133.153509	53.102614	0.372414	1.728779
3003	197.528630	3.718545	0.214652	3.370978
5210	222.171549	16.588895	0.310156	2.392351
5075	218.565010	11.599342	0.298334	2.242586
5249	149.974350	13.833916	0.282966	2.951120
5184	141.285101	18.454846	0.204743	4.085667
3897	256.838199	28.855805	0.181994	2.815287
6914	171.333507	24.669056	0.364191	1.631938
8571	210.803106	49.697613	0.303757	1.505095
4099	244.289662	34.553566	0.383067	2.137940
622	245.427598	15.434705	0.232236	2.554358
5339	184.688731	12.835147	0.236069	3.305902
5291	186.110719	9.951184	0.313809	2.500913
6344	179.601629	30.445964	0.294773	3.126486
8801	216.184235	49.648221	0.352197	2.387356
5120	156.985312	12.594721	0.304442	3.212199
5350	192.706763	7.569388	0.178795	3.506448
1443	125.505266	13.297714	0.254825	2.332173
6790	192.229101	29.295236	0.210344	3.374561
4867	242.211725	12.258338	0.381612	2.201741
4133	133.693371	44.726843	0.202665	2.624993
5072	173.499283	14.285186	0.402770	2.205165
9947	149.295454	46.420833	0.412388	1.613879
6923	178.070657	19.158227	0.309119	2.662581
8797	204.387029	51.232648	0.351983	2.658289
3963	237.626508	31.626091	0.391109	2.583919
6484	217.618713	26.806744	0.391614	2.113380
7317	189.432619	19.954801	0.181789	2.339937
7189	203.401352	28.715111	0.300472	2.895851
7176	212.991814	25.990517	0.249508	2.810760
7237	189.651103	27.997964	0.161080	3.297916
423	209.849358	3.130839	0.165227	3.851038
2337	229.351983	34.071799	0.329952	2.702704
3111	229.487514	4.445177	0.363017	2.128113
878	251.589103	22.195254	0.173751	3.613366
5340	229.669130	8.721458	0.234936	3.801729
3478	168.474272	4.333554	0.408719	1.710263
5137	208.151678	13.177443	0.286185	2.243294
7165	175.424932	32.172671	0.394062	1.970619
5422	232.161926	11.226620	0.235205	2.912033
813	249.348012	22.644307	0.400525	1.617234
6777	186.062962	28.718863	0.221872	3.452111
5309	146.873096	9.360966	0.357742	2.504473
2205	156.482913	37.204601	0.279262	3.058204
3469	165.755830	5.607709	0.349972	2.539853
774	246.292592	16.967865	0.304316	3.059869
1693	126.906011	16.812931	0.410016	1.478189
4781	254.776778	36.567644	0.300399	2.798452
820	254.973693	21.573998	0.384430	2.003090
1699	120.732401	11.843605	0.348604	1.776141
5207	217.445673	15.949803	0.405246	2.879379
5264	156.715777	13.971700	0.372465	2.525162
5447	160.458971	18.333907	0.364006	2.175594
8504	176.219889	50.621495	0.395644	2.726350
10339	208.561748	41.943510	0.191047	3.321285
114	224.148158	0.981760	0.294809	3.077006
2084	173.997189	36.622778	0.282762	3.246916
6888	166.022348	22.035290	0.369339	2.299732
4792	246.117412	39.713648	0.341016	2.133546
5272	141.015729	13.676788	0.290507	1.595797
1829	231.480255	35.104390	0.365023	2.525516
8498	180.304517	49.547107	0.259161	3.118795
6982	145.284637	28.440776	0.341393	2.109943
7690	254.722503	41.723499	0.277390	2.772884
6938	161.300989	18.063898	0.392270	2.307845
52	212.400799	1.458711	0.285434	2.955158
5311	145.877664	11.119983	0.409651	2.148838
5221	206.529205	15.658953	0.383243	1.512239
8805	180.445758	43.737535	0.254381	3.212616
8374	179.720968	52.112030	0.187955	2.889890
7253	186.142693	29.548838	0.180915	2.913108
9831	248.541811	40.570554	0.323259	2.363105
5021	158.324591	11.476130	0.350935	2.132520
7228	156.117111	25.122777	0.311910	2.334338
1800	148.612885	42.551235	0.259681	3.019598
8826	226.341846	44.474096	0.265116	2.392281
3504	161.876524	6.098266	0.343420	1.868681
818	249.985965	26.941691	0.370536	1.947592
5278	199.649692	13.702793	0.290360	2.743187
3938	237.799792	33.707965	0.366792	2.680477
5010	157.333732	9.359260	0.278125	2.442875
3353	162.888298	4.201256	0.338921	1.562973
3769	198.234366	6.393436	0.165630	4.386254
6526	196.046100	29.624890	0.266482	2.473272
10069	207.481970	49.819887	0.179788	3.334138
10338	192.980503	43.835474	0.215524	2.671774
5324	146.975156	11.431002	0.382665	2.548569
6390	133.154546	27.641328	0.369006	2.004236
3928	256.180282	24.575527	0.403848	2.909912
4750	131.267201	28.775321	0.327314	2.044428
5209	219.515011	17.042770	0.287657	2.521536
876	257.166858	25.414075	0.377923	1.929836
8096	251.425318	41.671382	0.405270	2.465758
3598	128.060162	8.649652	0.168484	3.047157
1797	150.902328	43.907964	0.385110	2.691244
7337	148.574160	44.365057	0.174178	1.438199
2437	177.202515	37.268511	0.312364	2.402021
7310	165.181385	21.342949	0.177117	3.898874
2133	173.485045	33.087927	0.374833	1.860382
2110	171.077423	37.256945	0.379691	2.548615
2358	239.989377	29.834853	0.326890	1.971158
1702	129.333130	11.880957	0.346724	1.812253
7267	166.342446	19.956926	0.160211	4.451733
3643	238.211096	8.694229	0.212053	4.318596
10340	199.763205	45.617472	0.172044	3.515561
8625	174.095707	47.750862	0.406806	2.847264
6654	159.620338	29.471036	0.401251	2.240448
1858	217.692797	38.351155	0.345810	2.046520
6944	183.968665	18.635417	0.231233	2.835006
1660	118.989251	24.281438	0.191495	2.202248
97	197.598052	3.273429	0.284761	2.307580
10344	201.046396	46.749583	0.205930	3.094209
2097	158.537249	38.405257	0.371898	2.466010
100	228.087112	4.138066	0.250163	2.602881
5121	163.613532	12.976662	0.413513	1.472533
6881	214.309280	19.259110	0.350173	1.960349
895	250.265744	24.310623	0.181340	3.877068
3481	200.878265	4.757279	0.377909	1.398903
4797	252.082034	36.204782	0.181883	3.126714
3460	169.324368	6.047815	0.338054	2.224865
4103	239.562938	34.131888	0.170964	2.436400
6842	205.657777	23.620283	0.280606	2.735677
1873	152.900183	36.653745	0.255942	1.917669
3067	148.393867	6.372925	0.342392	2.552318
8624	171.867058	45.015789	0.290691	2.747249
8566	202.247114	52.131138	0.261188	2.467924
909	251.229198	20.899690	0.167124	3.816049
7297	171.098412	16.637593	0.183937	3.001239
4896	242.427885	12.045819	0.333177	2.346400
7178	212.034733	26.289823	0.408962	2.092768
8398	184.751046	49.877445	0.408612	2.439611
5081	184.870341	8.683910	0.398889	1.712901
1336	116.333118	20.404938	0.382838	1.907305
5201	218.256643	16.455057	0.317616	2.178072
2862	172.466924	3.404486	0.332145	1.674610
5254	145.822961	12.808116	0.356455	2.124275
6770	158.620857	26.417524	0.372026	2.163610
1216	117.413931	24.775112	0.267088	3.304523
2	212.560146	-0.957729	0.391607	1.652932
1339	123.350952	22.776368	0.339071	2.292169
1667	128.436921	31.849310	0.407035	1.613643
3580	138.698052	7.985165	0.351160	1.518285
6697	190.857099	30.557486	0.396244	1.992987
2211	228.140703	35.818371	0.408696	2.099298
3101	239.282978	5.294692	0.409483	1.591288
5071	195.142351	13.554008	0.404862	2.515907
8786	180.128579	44.739312	0.309630	3.042490
6864	164.985829	20.996582	0.403196	2.562495
5260	183.160716	9.515693	0.357484	1.536856
7268	173.891437	21.790367	0.228770	2.044965
1246	117.860416	27.215693	0.399213	1.837295
5046	177.254923	12.574007	0.320874	2.488107
8664	184.552769	47.943652	0.377745	2.213465
5316	188.114237	15.014124	0.170139	3.479986
4751	131.214192	27.165079	0.268336	3.374404
1686	123.691501	20.165031	0.321668	2.194053
5014	176.056365	9.952467	0.244807	2.658381
3831	146.336552	7.332117	0.413522	1.515951
1674	126.901918	26.104189	0.169399	3.248066
5306	137.180668	8.142018	0.285850	2.555970
6699	220.397387	24.871596	0.295310	2.930676
8765	208.322064	45.015051	0.404380	2.727249
6785	168.179329	28.292008	0.402163	1.808338
2457	249.790000	20.589237	0.405530	1.933326
7195	214.223565	27.338955	0.365920	2.393117
1801	150.328958	41.630189	0.333400	2.086123
4980	183.472800	7.934638	0.164204	3.375997
6368	134.933882	18.999291	0.359041	1.808328
8632	208.719657	46.294042	0.409037	1.924328
10211	227.514690	51.912493	0.380505	1.550858
3110	225.067648	4.897156	0.403270	2.221612
4986	194.584935	9.691406	0.360717	2.030230
6950	172.744192	16.506145	0.320072	2.886377
5326	165.518320	13.132635	0.163870	4.595926
3948	241.030512	31.887037	0.391833	1.931081
7286	174.251263	23.368271	0.325365	1.617285
1286	129.240348	30.595792	0.303822	2.611362
8589	217.106772	54.829669	0.303236	1.633521
5131	201.307394	12.190435	0.407172	2.263444
4749	129.188056	33.025587	0.414207	2.422755
2201	142.636752	35.806214	0.409733	1.972094
424	231.291747	1.591468	0.177445	3.303804
3528	165.185603	7.042319	0.406715	1.996776
5040	161.029046	14.206434	0.346774	1.423396
8489	165.798305	47.802050	0.335296	1.768519
5251	153.710349	12.944596	0.313722	2.201917
2945	161.946791	3.259771	0.377474	1.982410
6687	197.033111	29.256017	0.279390	2.337793
6361	144.235956	36.148436	0.403475	1.873925
4138	217.656370	39.121030	0.251448	2.925951
6818	155.135940	23.351811	0.373650	1.200822
5223	223.375154	13.160244	0.238965	2.948913
8565	197.105086	55.734306	0.320443	1.866453
6698	196.635773	29.086216	0.299686	2.900428
6749	151.983469	29.047021	0.214521	2.107380
109	219.340661	1.429722	0.388485	2.108893
6403	138.051412	27.617033	0.326235	2.802828
6856	176.280253	22.861312	0.355094	1.777630
3780	221.857212	4.056654	0.230921	2.406804
3968	245.046718	29.750791	0.364689	1.581690
6798	142.947418	20.849706	0.375380	2.106067
9821	242.384819	44.314343	0.266183	2.660246
1679	126.218403	23.378431	0.352913	1.777129
6862	159.108048	18.830691	0.326327	2.059944
2140	181.592556	31.267503	0.337436	2.496508
2198	141.293280	39.578398	0.403896	1.959742
3726	169.829960	5.739441	0.364703	2.306364
4955	199.941162	8.255343	0.251768	2.464811
1685	122.838093	19.204173	0.169592	4.199213
8810	181.351346	43.788365	0.357132	2.308451
5261	181.492457	10.135678	0.337107	1.360464
4954	167.250710	7.705794	0.368779	1.588304
2987	155.568854	5.386388	0.365116	2.082526
108	217.668659	0.273837	0.373580	2.923722
6758	183.263623	27.536678	0.405683	1.810501
6872	216.900796	20.261033	0.236013	2.449275
6819	148.956369	24.247497	0.362143	2.773209
1678	123.420321	21.872577	0.258043	2.605021
2203	152.073941	38.008059	0.308688	1.820353
1825	156.030798	38.957074	0.263109	2.090027
2089	155.672395	36.667507	0.218576	2.145663
5495	127.165962	10.326682	0.395442	1.548195
5144	130.908691	15.682133	0.301957	2.169846
3932	255.308265	29.502358	0.342969	2.325909
7312	186.282236	20.414488	0.245535	3.526362
10247	222.084747	50.278036	0.163412	3.172419
3095	126.227830	6.214753	0.266989	2.693521
5427	218.002599	16.335636	0.319936	1.683242
3725	187.690264	5.759782	0.168134	3.161410
837	252.692446	28.067143	0.324059	1.775927
4942	200.407169	9.256573	0.176655	2.564698
8631	213.220999	46.678047	0.379132	2.123774
8768	204.740729	45.219016	0.399917	2.126725
8579	208.274550	52.663155	0.354026	1.319322
7314	184.814874	21.161299	0.184296	2.924975
1852	171.140185	41.252003	0.253653	2.691412
5052	185.675543	12.192882	0.289829	2.024572
6905	185.292272	24.953720	0.262347	2.568985
5411	151.775149	17.631461	0.233518	2.950056
6827	192.542051	28.790693	0.212557	2.585506
6689	202.095511	27.588771	0.235788	2.585506
25	226.849115	1.246538	0.345779	1.395677
5302	157.168101	11.165555	0.169078	3.384534
6391	137.665899	30.237385	0.358222	1.441029
8672	213.009866	46.622326	0.410751	1.873655
7207	213.465867	26.505585	0.182191	3.100919
1252	118.063527	26.708962	0.408679	1.823772
5449	199.792382	12.752651	0.410603	2.044814
122	228.514352	1.579511	0.354728	1.499327
3952	246.533810	27.562490	0.409104	2.085125
568	246.919776	21.108684	0.335599	1.363280
7172	211.810585	26.204342	0.210046	2.624082
5218	229.889715	13.724933	0.397378	2.098265
3630	227.195616	7.437116	0.302593	2.150532
5058	163.670927	10.052289	0.406080	1.739818
5095	194.786209	12.308231	0.410060	1.801711
8581	215.284035	51.910028	0.253352	2.963008
3888	259.082121	26.128279	0.355714	1.759346
427	198.014121	3.422863	0.276608	1.767788
3633	231.457845	6.630620	0.221681	2.841659
5082	184.528879	7.926247	0.364938	1.605640
5351	173.072268	8.846445	0.347079	2.534230
6525	192.647282	30.010048	0.285018	2.022774
3167	192.562075	4.199979	0.397761	2.138292
415	222.163694	1.079326	0.162382	3.491814
6706	219.839264	23.359423	0.308795	2.250764
8782	187.302909	45.526017	0.299245	3.057012
3904	256.883463	30.381756	0.295731	2.716304
6672	206.684082	28.906501	0.395418	2.241705
6808	196.434046	28.827324	0.300763	1.811209
4330	218.096708	39.474662	0.278643	1.720715
5091	213.811933	9.230589	0.298004	1.997049
6378	175.043454	15.781968	0.165464	3.937657
130	234.553059	2.320581	0.410132	2.277325
10325	200.378304	44.231455	0.382747	2.554145
6745	222.854821	21.964014	0.291299	2.374128
1406	129.800437	14.913453	0.362618	1.837198
2197	142.069229	38.124416	0.288933	1.851425
1295	125.284295	27.842191	0.268214	2.674587
4793	249.972232	29.680696	0.404124	2.041573
10333	206.107717	43.701844	0.212990	2.952405
8803	181.994885	41.106212	0.217598	2.743890
7264	203.350809	21.764440	0.164273	3.221405
1859	164.745656	38.124635	0.293894	1.877369
4821	236.271750	5.945925	0.227125	3.120772
6660	221.578795	24.621003	0.411231	1.833959
6562	160.054933	31.104280	0.249675	2.376332
3944	242.850210	36.020767	0.353381	2.196842
8602	239.625931	43.004042	0.194497	2.370407
3499	156.541141	5.692586	0.319725	2.095053
6374	189.360146	16.052466	0.401251	2.577235
8397	168.803241	47.927665	0.158157	3.492547
4789	252.996064	33.131088	0.411410	1.418952
6840	179.288130	25.248509	0.259578	2.593522
10358	194.047762	51.548794	0.178201	2.375480
1867	172.927792	37.912938	0.246787	2.843404
124	229.478035	1.195598	0.371851	1.632485
6647	164.662643	31.244591	0.412735	1.973492
6782	149.393066	25.052632	0.346755	1.819500
8762	179.943437	45.134270	0.159963	4.101005
6411	138.585398	25.676978	0.235341	2.485078
8870	254.682531	43.265463	0.393964	1.919204
4961	155.813455	8.060916	0.309428	2.676098
7187	198.248178	30.028259	0.383672	1.706595
5078	197.608769	7.325054	0.404843	2.441980
6648	165.426882	31.010720	0.328562	1.664835
6909	168.627914	23.641445	0.203333	2.457661
4120	260.475642	33.333768	0.372970	2.128905
6835	190.673048	25.237363	0.258009	1.768837
2141	175.719307	33.317584	0.306628	2.017890
10067	201.702151	48.793413	0.221528	1.962794
5332	190.063977	13.446538	0.243000	1.972744
1103	116.833554	27.388318	0.338355	1.918226
3382	172.843312	3.623652	0.187664	1.865693
10329	197.127119	43.530929	0.189983	3.195713
6837	185.038252	26.026373	0.409891	2.082552
5437	152.505613	15.678697	0.300761	2.465206
4873	241.938186	9.089130	0.405703	2.052711
8335	164.833254	49.345485	0.337249	1.619126
5022	154.281339	11.406579	0.204328	2.206546
4080	259.481934	32.534755	0.404105	2.370237
3917	254.813892	28.757087	0.315056	2.171054
3484	222.544265	5.109494	0.386227	1.733218
7852	251.880015	43.259573	0.417035	1.203131
4779	243.163108	33.754150	0.324470	1.588509
2857	168.553977	3.900548	0.347325	1.900059
6721	216.090307	24.604908	0.408444	1.972352
6922	189.398077	18.168307	0.277045	2.818353
8400	222.199874	43.125922	0.377544	1.122648
2750	182.586345	4.443072	0.356435	1.686983
6802	197.230224	25.187029	0.413143	2.257858
8767	197.102292	46.303620	0.305378	2.346706
3477	164.781204	6.071503	0.396970	2.185971
5050	177.537179	12.545566	0.250201	2.455895
10059	227.592934	41.791558	0.160298	2.844211
1826	156.177968	41.744118	0.378123	2.474351
3962	233.140855	38.424019	0.315304	1.325069
3876	256.407496	33.228781	0.388997	1.913803
7298	174.012767	18.467264	0.199498	2.715981
6844	139.050756	19.208262	0.410311	2.175444
5450	200.167348	13.613030	0.378564	1.135277
1700	121.569977	12.020465	0.394906	2.094480
2897	126.996915	2.599821	0.333833	1.795298
3072	125.289460	3.180525	0.208795	2.817243
8577	233.617035	43.209854	0.373409	1.549363
8668	217.863003	41.721535	0.273419	2.424540
4772	243.222017	36.232672	0.354737	1.766182
2155	133.430616	45.210265	0.183038	3.271378
3674	234.012846	12.369276	0.362767	2.138151
3941	233.342844	34.142571	0.280839	2.563756
5439	147.826278	13.396424	0.168944	3.885752
137	227.876612	2.901091	0.412072	1.855593
4076	259.870952	33.644809	0.294626	1.888876
600	245.071294	17.031952	0.411256	1.499301
5241	194.791933	17.477624	0.414770	2.020076
39	227.360955	-0.063684	0.397784	2.138935
8819	190.468512	50.839862	0.405422	2.027271
33	222.696091	-0.340486	0.395988	1.865327
1324	117.136505	18.002278	0.354196	1.420881
1434	120.622697	11.334206	0.382652	1.594054
4948	232.181074	10.931930	0.388924	2.176274
5106	214.435203	13.652603	0.236857	2.344973
4993	166.610167	8.765577	0.406853	1.760457
635	250.111122	16.243184	0.368847	2.025432
5107	203.181744	13.512813	0.338336	1.549209
1820	231.963023	34.163466	0.279079	2.096998
7139	223.548730	24.019827	0.309725	1.560436
7214	217.958408	20.275180	0.312373	1.960751
5304	180.388294	12.271391	0.276214	2.804793
1470	116.991886	16.889664	0.333150	1.632440
6884	161.882593	20.681477	0.330002	1.449514
8063	247.120579	43.986764	0.235035	2.248580
3502	197.746900	3.847093	0.238772	2.527603
45	216.600769	0.157585	0.397349	2.106618
6759	134.695986	20.227476	0.401291	1.838567
1819	156.138071	41.485959	0.374537	1.568914
1705	126.150828	11.900719	0.411273	1.426775
3509	127.209816	5.304542	0.357174	1.730473
3476	165.622352	5.132901	0.234360	2.563363
5115	230.310500	9.949022	0.391701	2.193278
5034	170.031268	12.760688	0.350327	1.266644
6442	153.385804	29.312794	0.352753	1.943067
6807	169.475019	27.544712	0.327211	1.769264
6791	156.297132	27.432079	0.404032	1.726882
419	200.772395	0.452048	0.163064	1.808244
3899	255.030401	32.780773	0.390361	1.828847
3475	228.322465	4.946768	0.407486	1.408805
598	245.360482	17.752475	0.323692	1.709123
3176	191.766935	3.525645	0.384079	1.408796
10180	219.512727	50.769193	0.178608	2.110178
6710	213.820627	25.441268	0.392754	1.955149
912	253.105328	20.286679	0.308091	1.968319
1853	177.046249	41.230421	0.406874	2.139302
8611	233.020948	49.095252	0.411279	1.578602
5110	225.729267	11.613993	0.378987	1.768396
2922	151.807413	3.560409	0.415447	1.673410
8834	224.134688	43.929826	0.303932	2.193455
5168	145.782933	17.891639	0.409149	1.565941
5171	141.762844	15.217581	0.405754	1.522312
6765	147.020181	22.418842	0.333538	2.296519
8813	182.428745	42.552187	0.407029	1.975925
6482	161.581144	32.824743	0.391171	2.314478
5414	230.002810	12.359883	0.215547	2.961420
3463	188.698699	4.119951	0.339470	1.164585
4334	218.055079	38.677690	0.314207	1.980486
3800	232.892812	12.898051	0.218906	1.810564
6530	196.725573	31.159956	0.325680	1.035712
8300	148.936148	49.865673	0.316719	1.761941
3636	241.600731	6.375892	0.341448	2.152917
2920	146.980197	3.509346	0.401092	1.664508
5313	139.368944	8.302058	0.167951	3.473113
2918	159.646514	3.258517	0.295720	2.008567
2247	179.595253	38.014636	0.176589	2.555595
4333	225.335806	39.337170	0.390774	1.718591
10187	227.459429	47.048901	0.254476	2.301305
10328	198.329812	44.562215	0.223172	2.709722
3392	188.149471	4.696854	0.411189	1.452845
2204	157.970969	35.770932	0.159585	2.896122
6389	148.428997	33.661825	0.285659	1.855175
8634	189.523662	49.174265	0.301922	2.033665
9944	187.555267	53.421945	0.179300	2.734666
2942	150.682177	3.879302	0.320634	1.770747
3015	222.031948	3.880174	0.388961	1.731010
7343	193.143617	44.429861	0.161747	3.133936
5305	133.439846	9.075019	0.180072	2.079349
7340	200.296234	42.143876	0.372006	1.350135
6781	135.496142	20.412302	0.398417	1.424982
32	221.344583	-0.835807	0.409448	1.366014
7279	162.065856	22.665828	0.405661	2.134710
3640	239.912768	9.156793	0.178900	3.380478
5250	152.408670	14.017100	0.231058	2.142286
1338	116.529038	19.759615	0.404555	1.396565
6703	215.280217	24.175964	0.353574	1.631707
5090	191.847897	9.228202	0.310389	1.579266
6875	156.073060	20.407723	0.322344	1.710016
7179	222.378564	24.058763	0.391614	1.407910
6437	156.263694	29.824230	0.284701	1.827393
2213	230.776922	34.046520	0.211108	2.222524
4134	130.434571	44.499096	0.331614	1.125596
8568	194.859564	54.262770	0.285643	1.611666
2981	153.247718	5.452429	0.343581	1.741622
6955	186.989958	18.205486	0.314655	1.918654
594	248.056814	17.356320	0.156982	2.539541
4838	234.214909	11.710895	0.362091	1.651897
6673	208.320074	27.408886	0.326130	1.901215
2113	171.793946	35.898846	0.332293	1.728400
3534	159.299993	7.804806	0.311792	1.945548
8502	170.717758	49.328096	0.344456	2.135396
2094	176.978728	39.756145	0.250312	2.192317
8501	186.404092	50.007408	0.276754	2.171623
8776	208.467348	41.113160	0.403528	1.411667
5354	192.667122	10.161113	0.406492	2.131970
6895	150.276759	18.082537	0.264786	2.767138
6417	141.306768	29.965421	0.229717	1.674154
3742	161.140692	5.139720	0.173396	3.283566
9270	256.156482	42.502234	0.335610	0.882614
1235	115.604082	24.225817	0.388406	1.770407
4773	241.461039	37.838057	0.404295	2.186707
9650	255.306874	39.229665	0.161798	3.664306
4327	216.667227	39.128765	0.393352	1.928800
3381	164.658338	6.127070	0.178972	3.120618
1266	121.099809	27.226170	0.340112	1.628374
5458	121.075542	6.938654	0.387219	1.124746
4966	182.870916	6.029176	0.340438	1.619297
1228	116.020710	27.038206	0.357606	1.263101
3097	124.672804	4.655026	0.365007	2.177340
1860	175.125814	37.141535	0.402471	1.987016
7251	148.395659	23.127207	0.315982	1.823181
4332	225.207879	37.888559	0.357038	1.728725
6825	197.604458	27.942070	0.284827	1.455840
4972	224.728577	7.773837	0.384270	1.214764
6820	179.814144	28.424539	0.400101	1.826371
4331	225.974278	38.398332	0.243509	1.538131
6730	221.564868	24.017249	0.241030	2.489038
3784	126.987617	7.356333	0.220576	2.751595
1683	130.120467	21.549975	0.326149	1.526985
6824	183.129198	25.934783	0.362887	1.606814
1793	152.485200	45.258845	0.400372	1.322568
3376	185.657993	3.833574	0.298132	1.677414
6769	157.063033	26.970598	0.396789	1.961247
1707	129.803622	12.781291	0.160860	2.971418
7330	152.055075	45.295828	0.253172	1.741351
8710	226.374519	49.347594	0.386026	1.651696
2195	151.620861	42.946580	0.378271	1.697588
3494	232.117722	5.617031	0.411077	1.432164
8401	166.562837	49.111985	0.334362	1.741538
3094	123.730390	5.313970	0.391616	2.036221
111	209.066689	2.430775	0.275922	2.016895
5815	133.477944	49.470874	0.379787	1.163599
6384	138.475247	31.793809	0.243995	1.959666
634	248.512561	16.046817	0.384735	1.695930
5372	182.590219	14.259200	0.370094	1.665550
879	253.475252	23.232257	0.213924	2.788402
6848	141.638453	19.406107	0.407559	1.696613
3412	125.819173	3.907111	0.167555	2.168605
5057	191.537065	14.112516	0.232778	2.085667
3675	235.480026	11.678815	0.300921	1.860726
742	247.983544	15.166482	0.405952	1.415242
2239	170.766527	42.626762	0.401380	2.194275
3350	147.775485	3.824022	0.229361	2.147306
5085	187.430393	9.253454	0.379559	1.429132
7258	159.824864	23.089930	0.388830	1.895310
5145	133.239130	18.570503	0.317240	1.898411
6254	149.713378	45.716677	0.233394	2.803842
1684	118.185090	16.526360	0.391022	1.743100
5364	204.751310	13.781728	0.296729	1.991009
3776	240.350790	6.708333	0.321942	1.685167
8804	183.275162	42.645255	0.337682	1.485740
7194	203.142503	29.996901	0.262832	2.228838
3834	257.516385	26.828413	0.196162	2.999794
4158	133.505792	52.474940	0.313409	1.612656
5410	149.435007	16.172374	0.167391	2.751972
8	210.128774	-0.122507	0.412664	1.397799
2354	239.089387	29.667556	0.351110	1.504264
2248	173.008673	39.161672	0.377863	1.575577
6439	144.643730	29.629317	0.257686	2.482596
5096	217.582054	8.349552	0.228790	2.187537
3053	126.396414	2.985201	0.386056	2.368240
7339	181.773880	41.006493	0.290110	2.154776
5406	214.954389	18.620361	0.225482	2.408855
7324	203.167306	42.903792	0.272114	1.958005
5051	181.978172	12.192082	0.279688	2.399805
8807	184.979273	43.080986	0.394767	1.668914
10239	214.113273	42.302303	0.359953	1.949318
4944	168.795122	7.325385	0.325539	1.464311
6410	144.031991	30.123290	0.286616	1.913773
5222	225.067986	12.417593	0.213974	2.188880
5026	128.970882	8.519728	0.310463	1.778476
8749	216.137209	53.745175	0.280186	1.976316
10336	183.073364	44.173531	0.291318	1.783236
6886	198.704860	20.072598	0.395230	1.600319
7397	150.434856	47.357073	0.324001	1.649555
3942	232.249365	33.743298	0.390596	1.875935
5074	210.209659	12.822263	0.396052	1.641919
5290	180.184998	8.215697	0.221975	2.209755
6726	207.513898	25.066277	0.411882	1.910743
4079	258.590781	36.312336	0.246938	2.303932
3195	145.287984	5.801943	0.321628	2.178128
5471	127.077902	8.240606	0.333849	1.491860
6750	134.860456	22.474442	0.346655	1.835531
3954	245.071359	30.980357	0.404498	1.519732
2744	179.027797	2.889081	0.354761	1.374671
1998	204.337051	41.757194	0.204462	1.695012
8772	214.572887	43.221203	0.381998	1.487204
422	235.423682	1.230051	0.329211	1.804661
8673	217.843083	42.608001	0.195485	1.736294
10006	183.158006	52.229429	0.161556	2.584143
99	225.446515	1.614032	0.263884	1.477139
569	251.172551	19.014856	0.294220	1.722323
3603	128.967710	8.285023	0.409629	1.904002
8671	199.211710	48.432045	0.355829	1.918043
7088	190.664774	31.630098	0.350631	1.604831
6839	179.619166	23.560500	0.167425	2.975817
7349	255.830294	39.180054	0.410621	1.379514
3632	231.180659	6.744339	0.372956	1.602746
4335	220.469878	39.174888	0.299703	1.902452
10242	188.268093	49.491791	0.164130	2.422159
1689	127.020525	20.976499	0.330381	1.293859
5029	152.359965	10.723565	0.403274	1.934159
6811	151.439327	23.186181	0.355771	1.295608
3514	181.110998	6.708103	0.158608	2.751493
5287	169.104494	10.215688	0.160948	2.479311
637	243.774323	14.575759	0.408425	1.903476
4088	258.691087	25.765440	0.226980	1.246430
6814	159.488028	25.037310	0.384826	1.907224
4830	233.230013	8.913040	0.312024	2.137324
2910	159.993046	3.743401	0.358158	1.414383
2875	126.964523	1.699200	0.416894	1.724567
6986	157.671821	35.015444	0.160231	2.756062
7323	201.780351	42.167054	0.409472	1.276530
5097	204.836192	9.066453	0.228166	1.647163
7301	186.425967	21.093356	0.272425	1.729046
1312	121.286642	21.956840	0.257435	1.466906
412	208.052920	0.377920	0.277411	1.898956
8617	235.477098	48.100155	0.333004	1.420014
7688	248.142544	45.987760	0.343240	1.213132
51	205.048715	0.269908	0.261350	2.513574
5395	137.633880	14.497938	0.335260	1.488683
6961	185.577268	17.047936	0.351519	1.554851
1381	119.712765	14.844333	0.172877	2.724136
38	221.457821	-0.533775	0.317374	1.649569
3425	176.929194	4.566040	0.322987	1.280992
10183	206.569617	51.970273	0.275596	1.675920
5192	232.120253	12.632409	0.355591	1.550720
6964	187.414474	18.223052	0.317348	1.319687
3154	180.062080	4.447126	0.407343	1.280131
8603	230.271356	51.181053	0.317984	1.111596
10244	205.972670	47.003411	0.375606	1.468593
3668	236.993542	10.723570	0.383348	1.493052
3386	161.156070	5.436387	0.406642	1.354461
5522	135.171428	49.044527	0.409088	1.524045
6928	174.484166	21.540046	0.171102	2.766521
5486	127.168693	8.912318	0.359860	1.247338
5117	226.737783	11.321151	0.329811	1.243813
4943	158.459330	6.213579	0.162058	2.729066
1474	117.937836	18.474671	0.319339	1.596624
9692	248.057820	43.618432	0.182136	2.595927
7272	183.391520	23.763607	0.408694	1.211118
1828	234.556027	32.173444	0.410470	1.398769
3673	231.880428	12.009289	0.248561	1.747324
6916	194.351343	25.315289	0.404318	1.930894
8769	186.117637	48.530322	0.286781	1.358759
5132	187.358473	13.377011	0.306949	1.435106
1857	204.446585	41.841235	0.400978	1.419323
5441	131.344882	11.191585	0.161558	2.415489
3617	206.909661	7.728904	0.402988	1.750840
6890	150.684092	19.466670	0.283173	1.329522
4894	241.305739	10.955633	0.226282	2.178858
4085	255.529739	37.004520	0.410249	1.735796
6679	209.535175	29.255764	0.298595	1.233908
2119	137.435310	34.596978	0.345524	1.186217
4763	132.438827	32.842027	0.185223	2.219803
10075	196.982232	49.959172	0.234153	1.712837
7234	140.381604	20.103779	0.386173	1.491836
6564	193.616120	30.404516	0.238762	2.581554
7980	217.282863	57.036324	0.389816	1.478221
2921	148.665442	4.815988	0.211124	1.942551
6559	196.314849	31.810150	0.368138	1.457171
2003	231.791900	33.600583	0.222894	1.889551
4989	194.369544	8.930401	0.380906	1.192762
7089	203.039021	29.653851	0.222968	1.367292
3837	242.679931	27.684986	0.406850	1.175879
6801	173.519274	26.066132	0.405313	1.415556
10192	215.981295	56.087571	0.410846	1.216749
8019	234.163820	48.594186	0.252406	1.362159
5228	156.870366	16.473693	0.320038	1.856169
2863	174.380638	3.674952	0.345270	1.486639
6870	181.255437	22.017639	0.414043	1.373010
6753	157.498698	26.833159	0.409936	1.672903
7309	155.484481	19.021597	0.398104	2.008168
6841	199.075132	25.477562	0.382169	1.137955
95	233.744796	1.911969	0.344263	1.448932
432	231.888869	1.828077	0.233146	2.171164
5118	151.150400	12.603226	0.287036	1.355145
7336	204.495012	41.491863	0.361553	1.481091
4987	149.421100	7.502513	0.166128	3.029114
2917	146.556513	4.337806	0.322174	1.466821
6783	161.646670	29.478945	0.410060	1.232893
1201	115.885073	22.886661	0.396332	1.226613
3763	123.095659	5.573093	0.354822	1.177850
8764	190.849736	45.991499	0.249532	3.113789
8406	162.454806	48.588951	0.350735	1.465490
4627	218.398786	38.251939	0.191609	2.320733
3073	125.722000	3.205755	0.158192	2.372786
2930	146.917141	5.259846	0.399476	1.917574
10070	167.662260	48.412253	0.168773	2.280851
3465	125.524274	5.999830	0.388478	1.890945
91	233.100508	0.214127	0.326414	1.872919
5055	204.700541	13.056127	0.406682	1.989516
8773	220.931723	42.538519	0.391127	1.444792
3737	147.948229	7.136021	0.416361	1.270103
5939	148.184092	52.290460	0.373151	1.184074
7319	239.154353	39.066925	0.385621	1.187480
3399	229.292608	4.397847	0.390389	1.416696
3485	151.847391	4.897656	0.348841	1.406739
2451	184.595966	31.571487	0.353570	1.297419
7275	194.854698	20.759107	0.420667	1.717659
5315	162.515134	13.228633	0.185368	2.336565
5043	159.417331	13.750381	0.410707	1.480271
4839	242.322482	8.211343	0.279396	1.083020
5007	151.507707	7.931697	0.405177	1.436294
5425	225.504048	14.770025	0.410394	1.230297
2150	135.371127	40.225993	0.198253	1.550323
5054	206.722223	11.265030	0.405525	1.536647
3333	182.202344	3.242421	0.342227	0.778860
2973	151.578332	4.161313	0.252156	1.138612
4136	224.456556	37.026525	0.389525	1.373105
6728	219.227827	24.685105	0.319751	1.254782
1394	121.815453	14.911648	0.371387	1.172492
7091	196.709700	30.618178	0.249504	1.550354
4977	234.173721	10.807835	0.164761	1.691177
4289	131.326931	46.046351	0.308655	1.129493
4531	130.437977	53.146434	0.340711	1.333468
1812	147.169953	40.071670	0.241896	1.770459
5030	178.946694	13.427253	0.306831	1.574716
3761	146.178163	8.394291	0.369129	1.877516
5214	225.969476	13.536840	0.414049	1.450470
8593	224.691505	52.684997	0.309154	1.466257
4253	134.086458	49.715894	0.287092	1.658709
3061	145.078145	3.863970	0.335155	1.304267
2946	163.590695	3.956573	0.412309	0.951455
1677	120.385364	16.955112	0.157142	2.669213
9541	249.511345	45.150078	0.328597	0.732742
5005	200.223364	8.569959	0.406201	1.774954
7996	219.080984	59.453833	0.356860	1.316542
6685	196.583422	28.362666	0.415945	1.626180
5138	192.022625	16.471904	0.414482	1.106163
870	247.684757	21.199232	0.382404	1.593138
7848	248.224229	45.445382	0.423410	1.397178
10194	216.340856	54.024288	0.203888	1.223727
3471	215.592438	5.163189	0.408302	1.574113
5019	150.736919	10.177252	0.296615	1.322893
3489	148.399296	5.394272	0.401332	1.224333
2938	125.877952	2.883472	0.268100	1.662631
3978	257.661092	39.059944	0.300022	1.550791
1869	164.303202	38.132648	0.329734	1.332435
6667	216.360197	26.266720	0.197554	1.378923
6372	161.933906	16.628745	0.317681	1.647781
3074	125.827679	5.168533	0.410568	1.673067
113	207.341828	1.796913	0.254596	2.015539
6561	210.669061	28.433788	0.407277	1.755156
3588	124.214280	5.872700	0.237996	2.505993
3901	260.110130	27.315140	0.395488	1.261402
8265	179.602224	52.811500	0.269209	1.666634
9401	220.575635	59.705935	0.358136	0.785672
92	234.181420	1.457494	0.342979	1.254343
744	245.996218	17.871090	0.401825	1.353956
2876	126.517775	1.871814	0.211023	1.239258
2136	180.619841	35.643269	0.405618	1.443758
47	219.311245	-0.460655	0.353196	1.198210
6917	219.846970	21.801777	0.289435	1.394513
2208	144.257471	36.355165	0.159567	1.724710
9648	255.304744	43.270971	0.269971	1.396593
4795	246.261211	37.195472	0.325429	1.088927
4233	132.678390	53.092344	0.392382	1.898241
5262	131.361591	9.445126	0.410291	1.075327
1346	128.759747	22.018121	0.413686	0.816872
3006	231.386993	2.605294	0.414598	1.713739
6737	215.168020	21.161655	0.336014	1.173403
8812	174.091624	43.373155	0.374121	1.486017
4788	250.880126	35.977424	0.156628	2.397893
1664	125.129352	28.912918	0.286003	1.267891
4953	138.838227	8.559583	0.251013	1.573048
5231	160.505426	16.482014	0.381952	1.105901
2964	126.355916	1.925441	0.233573	1.981271
7192	222.749398	24.117793	0.214665	1.877104
5443	151.785935	15.329036	0.254746	1.753494
6416	149.517915	31.504648	0.412309	1.557363
2096	157.249168	37.271974	0.406700	1.000563
6406	151.607153	30.108964	0.241310	1.836546
2982	154.035930	6.032978	0.220153	1.737056
7689	248.316966	44.512475	0.291677	1.535729
807	242.492208	12.421129	0.307711	1.090015
3063	125.274789	2.981044	0.281511	1.130155
1709	117.723563	16.617842	0.299531	0.982847
4996	182.185985	10.648036	0.266408	1.313993
4965	140.509132	8.000832	0.215662	1.488609
8261	171.889234	49.942622	0.382357	1.032672
8099	249.772874	43.091246	0.281504	1.417966
7171	150.499204	28.753116	0.238103	2.042497
8626	177.840389	48.257818	0.266415	1.235055
2107	171.416514	35.657659	0.234263	1.528852
6883	179.635102	23.248750	0.413228	1.181967
3597	125.978488	6.892949	0.402668	1.476027
6661	223.434371	23.013114	0.268768	1.797620
3579	138.614119	7.320630	0.412368	1.206513
5911	147.963521	50.306969	0.381517	1.730429
5203	153.451597	16.235852	0.385420	1.174680
10343	207.452124	42.184049	0.162975	2.659716
2622	124.675024	0.869730	0.388864	1.518366
5059	197.857995	11.895857	0.412684	1.221002
3741	149.120165	6.452858	0.166819	2.089807
7196	224.903029	23.355683	0.413056	1.020025
8806	198.217261	42.834863	0.270850	1.533064
5273	146.034239	14.178853	0.406031	1.155809
6382	135.919659	33.606850	0.411049	1.307820
349	213.523937	-0.549694	0.294312	1.178729
5000	168.478220	10.334471	0.397564	1.548332
8171	177.430882	52.857223	0.306283	1.113966
6560	200.369745	29.994696	0.273187	1.587871
5402	139.390968	17.522306	0.417004	1.063839
369	203.907254	0.284955	0.217666	2.019719
10326	186.568669	44.677242	0.240775	1.730513
2896	126.449515	2.279317	0.162857	1.285538
5498	120.836540	9.661900	0.324553	1.207177
7322	194.142581	43.761071	0.225989	1.787361
5499	128.736774	10.906496	0.201592	1.686226
5792	148.299989	52.771889	0.331172	1.404811
3470	220.734217	4.970278	0.408310	1.141858
5193	228.008418	14.349244	0.284135	1.214633
8871	254.383143	43.199898	0.290191	1.515081
6528	203.753384	30.906242	0.350685	1.028336
5084	188.184231	8.551559	0.414925	1.225306
5472	127.051739	8.299783	0.416791	0.862158
3331	163.879132	3.114025	0.361105	0.666596
2111	176.356074	36.205184	0.408372	1.245858
9825	219.022452	58.645719	0.404392	1.420095
3041	238.261029	4.820351	0.340018	0.929468
3720	193.634233	6.466641	0.161695	1.778914
828	247.543575	23.082444	0.407977	0.786922
9953	149.251327	47.117402	0.209512	2.462096
6394	161.640003	33.816548	0.415051	0.903619
2905	147.755480	3.558722	0.358512	1.970504
2603	123.218660	1.459406	0.356738	1.329973
6901	222.639796	19.312744	0.256385	1.541885
7434	149.100465	50.983466	0.386775	1.328154
3832	232.877349	33.198213	0.409111	1.042170
4081	258.286715	35.020863	0.414198	1.129687
2353	236.934994	29.685192	0.371225	0.898316
6731	224.697800	22.745676	0.365341	0.857595
1116	115.885675	26.557665	0.306740	1.227021
7215	223.198938	20.854670	0.185434	1.798546
3099	123.942573	4.610506	0.286066	1.152555
4820	238.308925	9.698430	0.328208	1.284815
6813	156.425751	24.958037	0.236263	1.711456
2116	165.087514	35.796632	0.371718	1.073161
1373	118.216172	14.495147	0.409699	1.168911
4119	259.402302	33.030804	0.161628	2.715000
3619	194.927393	7.880800	0.413227	1.470677
34	226.833548	-0.589592	0.376488	1.004587
1697	120.580773	13.289256	0.193631	2.002735
6644	154.272178	27.823568	0.407633	1.035549
2972	141.923808	4.183633	0.336477	1.164081
1636	120.871347	27.157387	0.309987	0.772738
2929	144.030340	4.804406	0.361713	1.633030
1662	126.653838	31.842389	0.157372	1.215075
8933	256.211561	41.929356	0.410014	1.076950
5006	145.022667	8.247089	0.363539	0.959061
2439	179.461963	34.642037	0.160027	2.453545
5487	126.907597	10.723344	0.323276	0.919694
8529	196.955148	53.770765	0.416376	0.759680
7993	219.499727	58.393112	0.314585	1.345818
1666	127.924733	31.746949	0.294232	0.984954
7182	209.910370	28.495836	0.177651	1.760371
96	234.719496	1.734032	0.294000	1.208173
6565	194.981377	31.359805	0.412112	1.559447
3796	240.039766	11.070392	0.319376	1.165305
3500	163.019696	5.280884	0.159961	1.911400
7180	224.138365	24.250574	0.179097	1.763007
7217	209.306636	23.873926	0.398087	1.115153
288	205.179961	-0.817025	0.319810	0.976958
1117	115.722458	25.661783	0.292246	1.434089
3498	145.206548	5.191138	0.224990	1.058933
4902	241.252673	9.118676	0.174572	2.078285
760	249.845880	14.539429	0.357266	0.956684
6708	213.585629	25.513206	0.377365	0.971033
393	213.471598	-0.370320	0.168355	1.603012
5894	149.547832	48.028971	0.306412	1.003454
3459	140.800059	5.457606	0.228183	0.989241
3208	141.620641	5.029484	0.324680	1.044713
389	232.467548	-0.121807	0.307333	1.294231
5259	138.262221	13.882341	0.412940	0.919697
7293	189.342897	26.302316	0.409528	1.023722
1696	122.706181	12.746346	0.180870	1.765575
5890	147.324555	50.233106	0.301013	1.330037
4521	133.202909	52.015459	0.354203	1.296401
1546	113.969591	32.887069	0.330319	1.324771
6797	142.642087	21.431242	0.408098	0.880940
2861	170.753646	3.711661	0.362855	1.129340
2963	126.107553	2.574391	0.176031	1.149858
9749	218.337027	58.426203	0.305974	1.264213
4939	240.726293	12.055157	0.190003	2.309786
5442	135.700835	9.583410	0.158967	2.129557
2856	165.137782	3.195707	0.352920	1.005845
8591	227.747730	51.667873	0.261385	0.940902
6007	147.591265	52.800048	0.397036	1.351312
7252	162.995357	26.622642	0.411290	1.011856
7326	148.959767	51.870439	0.414073	1.473176
6694	223.761717	23.981727	0.345177	1.106364
8787	185.225553	43.713616	0.263856	1.350594
8083	219.053241	59.297707	0.265641	1.351007
6966	158.203301	17.834704	0.404620	1.023127
2927	126.427821	3.017075	0.192279	2.043577
10249	195.759911	55.469006	0.415067	0.827674
8389	217.502100	43.693597	0.384407	0.877452
3084	142.695722	4.493141	0.276702	0.908025
4259	133.868283	51.536518	0.363009	1.069439
8838	183.249656	41.535699	0.310942	0.969378
3064	125.560004	3.482897	0.200106	1.158147
2913	126.449308	2.434804	0.259210	1.197178
4178	131.774496	53.953943	0.309136	1.405693
4946	131.915491	7.665313	0.320734	0.907878
641	241.687362	12.568528	0.302858	1.007126
3466	123.877309	4.954930	0.229013	1.188193
2244	225.325625	37.282416	0.165223	1.864008
6527	188.545349	31.417794	0.367820	1.030571
1029	114.449393	32.637132	0.307447	1.080751
5877	148.768554	47.887213	0.193841	1.334966
713	248.482957	12.804245	0.287749	0.781936
5200	230.690228	14.056148	0.333391	0.764041
8084	221.210170	58.938152	0.378483	0.616653
3083	141.148150	5.952178	0.350402	1.224153
6681	195.316069	30.059513	0.401257	1.056305
9980	149.404708	51.204640	0.302109	0.855874
1788	146.559310	40.999819	0.418608	0.660975
6810	177.007411	25.821355	0.415107	1.113992
2444	182.246050	35.048417	0.183895	1.286926
5431	156.981574	15.898632	0.408006	0.852346
3391	142.420468	4.408187	0.380153	1.059028
3764	126.066797	7.120006	0.193415	1.562939
7167	167.730334	30.945174	0.252168	1.470665
724	248.860330	15.635247	0.202600	0.995897
2243	230.446475	33.943595	0.415928	0.947875
4940	242.499607	11.944017	0.177676	1.275190
7454	218.625672	59.194922	0.329119	0.779631
5476	125.741282	9.175975	0.259068	0.998846
7138	218.144192	25.641893	0.156085	1.187641
3615	120.762569	6.252171	0.372482	0.626139
2859	166.917626	3.920239	0.335159	0.861828
5333	140.072124	9.166347	0.181594	1.310819
6485	225.199020	25.308867	0.240161	0.827186
2881	124.818794	1.288878	0.245574	1.110492
6006	148.382890	52.194521	0.251517	1.563560
6250	148.951343	48.923635	0.249067	1.405190
1559	114.392414	31.373832	0.347009	0.744232
4238	132.073909	53.511103	0.357187	0.692485
3900	260.630453	26.925728	0.325672	1.196931
1832	230.129445	35.601235	0.247272	1.476074
8751	194.978030	56.794933	0.352550	0.742698
9706	226.656830	53.961948	0.318424	0.914813
5873	149.323613	49.725982	0.417084	0.756890
1613	119.745403	26.721848	0.198809	1.024667
6251	148.235632	49.038504	0.170670	1.487648
3202	143.861674	4.201230	0.375083	1.075536
1704	121.334155	11.261887	0.200397	1.085048
6902	222.387388	18.370728	0.215556	1.455673
1756	134.685966	37.749583	0.413897	0.823885
5889	145.460571	49.025071	0.401367	0.939192
2689	128.385154	1.245338	0.368998	1.122380
10264	216.340448	53.147102	0.162286	1.268783
8570	202.804633	54.567649	0.417692	0.801065
3461	144.949817	5.061806	0.296084	1.004169
9792	227.239841	54.189130	0.268572	0.746832
9321	228.145276	57.097166	0.400463	1.126000
2907	151.579549	4.187091	0.228304	1.220969
4095	231.574211	35.514830	0.160540	1.579846
10215	217.538097	57.206447	0.246929	1.533105
8066	217.475844	57.820013	0.283041	1.044726
289	214.100613	-0.694447	0.419427	0.695691
6900	189.517571	22.330850	0.413391	0.815727
2878	128.374605	1.596714	0.345915	0.762460
5130	192.420357	13.788166	0.414461	0.605296
