RXSCJ2358-0203 359.546 -2.061 0.0380 2.26 0.137 2 Y 1
RXSCJ0006-3442 1.561 -34.701 0.0484 11.48 2.760 4 Y 2
RXSCJ0011-3557 2.978 -35.957 0.1163 22.22 2.558 2 3
RXSCJ0013-2639 3.405 -26.663 0.0629 12.95 1.638 3 Y-1 4
RXSCJ0022-1745 5.730 -17.752 0.3729 99.50 21.060 2 5
RXSCJ0015-3518 3.933 -35.312 0.0960 5.42 1.076 2 Y 6
RXSCJ0013-1915 3.454 -19.262 0.0943 2.66 1.922 2 Y 7
RXSCJ0026-2031 6.641 -20.529 0.2943 81.64 18.453 3 8
RXSCJ0024-2512 6.012 -25.204 0.1400 14.91 4.033 2 Y 9
RXSCJ0044-2727 11.142 -27.461 0.1110 30.93 8.496 7 Y-1 10
RXSCJ0034-0014 8.543 -0.244 0.0804 13.93 1.877 3 Y-1 11
RXSCJ0100-5004 15.056 -50.071 0.0249 13.50 0.356 4 Y-1 12
RXSCJ0059-2143 14.787 -21.723 0.0579 11.03 1.738 2 13
RXSCJ0107-5612 16.819 -56.204 0.2531 41.39 8.508 2 14
RXSCJ0058-7954 14.534 -79.908 0.1153 10.16 4.369 2 Y 15
RXSCJ0105-0019 16.341 -0.317 0.0445 9.91 2.276 4 Y-1 16
RXSCJ0104-1508 16.144 -15.135 0.0966 10.07 1.326 2 Y 17
RXSCJ0112-1441 18.224 -14.687 0.0526 10.48 1.464 3 Y 18
RXSCJ0110-4932 17.549 -49.534 0.2052 26.75 5.310 2 19
RXSCJ0105-0016 16.495 -0.276 0.1933 32.76 5.322 2 20
RXSCJ0111-2548 17.928 -25.803 0.2288 30.02 10.588 2 21
RXSCJ0121-2055 20.495 -20.926 0.1720 11.11 2.939 2 Y 22
RXSCJ0125-0013 21.403 -0.217 0.0178 2.45 0.126 2 Y 23
RXSCJ0126-1758 21.748 -17.970 0.1453 3.40 2.200 2 Y 24
RXSCJ0134-1318 23.538 -13.308 0.2069 13.23 8.393 2 Y 25
RXSCJ0205-2929 31.441 -29.492 0.3888 80.15 19.491 2 Y 26
RXSCJ0153-0005 28.275 -0.100 0.2364 32.55 8.491 2 27
RXSCJ0321-2857 50.390 -28.963 0.0052 5.98 0.025 3 Y-1 28
RXSCJ0210-4628 32.503 -46.470 0.0644 9.44 0.595 2 29
RXSCJ0223-4018 35.884 -40.316 0.2234 32.53 10.907 2 30
RXSCJ0236-2755 39.069 -27.929 0.2237 47.16 10.353 3 31
RXSCJ0234-1317 38.520 -13.291 0.1644 16.00 2.822 2 Y 32
RXSCJ0229-3320 37.494 -33.343 0.0777 6.77 0.998 2 Y 33
RXSCJ0241-0405 40.338 -4.084 0.1866 29.46 6.699 2 34
RXSCJ0246-0030 41.607 -0.503 0.0231 5.73 0.149 2 Y 35
RXSCJ0248-2148 42.221 -21.805 0.3175 42.03 19.670 2 Y 36
RXSCJ0305-2811 46.341 -28.197 0.2577 21.41 10.675 2 Y 37
RXSCJ0309-2519 47.470 -25.327 0.0696 9.72 0.655 2 38
RXSCJ0326-4012 51.640 -40.201 0.0633 23.09 1.383 3 39
RXSCJ0321-4528 50.273 -45.471 0.0731 21.62 6.624 7 Y-1 40
RXSCJ0326-5455 51.637 -54.929 0.0835 14.13 1.987 2 41
RXSCJ0338-5414 54.501 -54.245 0.0603 19.61 4.901 5 Y-2 42
RXSCJ0335-0157 53.808 -1.957 0.1340 22.75 2.169 2 43
RXSCJ0342-2241 55.598 -22.687 0.2395 26.40 8.098 2 Y 44
RXSCJ0403-5408 60.923 -54.150 0.0436 17.68 0.651 4 Y/2 45
RXSCJ0344-0249 56.076 -2.826 0.0355 4.55 0.285 2 Y 46
RXSCJ0412-0338 63.067 -3.648 0.1381 13.93 2.897 2 Y 47
RXSCJ0419-1328 64.792 -13.481 0.2962 71.90 10.644 2 48
RXSCJ0428+0039 67.223 0.652 0.0138 6.84 0.219 3 Y-1 49
RXSCJ0438-1429 69.743 -14.493 0.0334 8.83 2.317 3 50
RXSCJ0441-0035 70.474 -0.593 0.2784 55.82 12.015 2 51
RXSCJ0445-2106 71.324 -21.105 0.0689 16.47 1.885 3 52
RXSCJ0502-0916 75.719 -9.282 0.2284 82.43 22.230 4 53
RXSCJ0504-0032 76.080 -0.537 0.1245 18.55 2.870 2 54
RXSCJ0516-4610 79.222 -46.176 0.1961 28.67 8.746 2 Y 55
RXSCJ0526-3009 81.556 -30.159 0.3310 64.83 14.020 2 56
RXSCJ0524-4124 81.165 -41.416 0.0758 5.64 1.014 2 Y 57
RXSCJ0544-2722 86.222 -27.371 0.0408 21.79 1.463 5 Y-2 58
RXSCJ0535-3842 83.957 -38.705 0.2906 95.54 25.664 3 Y-1 59
RXSCJ0554-3837 88.629 -38.633 0.0463 11.92 1.540 3 Y-1 60
RXSCJ0549-2111 87.402 -21.192 0.0958 21.88 4.739 4 Y/2 61
RXSCJ0624-5319 96.015 -53.328 0.0520 26.52 4.243 8 Y-3 62
RXSCJ0607-5559 91.848 -55.985 0.0362 10.07 0.157 2 63
RXSCJ0609-3454 92.256 -34.914 0.1382 12.71 5.770 2 Y 64
RXSCJ0623-4937 95.974 -49.617 0.1194 23.78 2.806 3 65
RXSCJ0625-3717 96.256 -37.293 0.0344 6.12 0.205 2 Y 66
RXSCJ0850-0535 132.536 -5.595 0.1842 36.14 5.557 3 Y-1 67
RXSCJ0913-1044 138.279 -10.749 0.0541 6.57 6.743 2 Y 68
RXSCJ0916-0855 139.161 -8.929 0.2256 18.83 5.183 2 Y 69
RXSCJ0933-1704 143.417 -17.077 0.0070 4.10 0.008 2 Y 70
RXSCJ1002-8242 150.543 -82.701 0.1994 56.54 7.728 3 71
RXSCJ0929-1318 142.263 -13.300 0.1405 10.58 2.290 2 Y 72
RXSCJ0947-2536 146.800 -25.614 0.1413 32.69 5.646 3 Y-1 73
RXSCJ0952-1049 148.198 -10.822 0.1650 56.87 16.271 4 Y-2 74
RXSCJ1014-1405 153.643 -14.096 0.1499 21.16 4.750 3 Y 75
RXSCJ1014-0141 153.677 -1.685 0.0433 11.17 0.493 2 76
RXSCJ1025-0934 156.251 -9.572 0.0554 19.69 2.053 7 Y/3 77
RXSCJ1026-2652 156.624 -26.877 0.2518 22.58 17.351 2 Y 78
RXSCJ1106-2210 166.628 -22.170 0.0640 4.66 0.711 2 Y 79
RXSCJ1118-3023 169.577 -30.399 0.1965 42.78 7.384 3 80
RXSCJ1116+0206 169.057 2.110 0.0749 8.34 1.349 2 Y 81
RXSCJ1131-1334 172.808 -13.569 0.1048 16.76 3.841 3 Y 82
RXSCJ1135-1950 173.859 -19.848 0.3065 25.97 24.512 3 Y 83
RXSCJ1145-1620 176.419 -16.345 0.0731 22.98 1.483 3 84
RXSCJ1200-0456 180.065 -4.939 0.1289 49.62 6.622 6 Y-4 85
RXSCJ1152-3259 178.138 -32.987 0.0691 11.28 1.497 2 86
RXSCJ1210+0137 182.595 1.618 0.0205 8.17 0.195 2 87
RXSCJ1212-2726 183.225 -27.444 0.0822 8.10 0.769 2 Y 88
RXSCJ1305-0221 196.451 -2.353 0.0848 45.01 14.282 10 Y/2-3 89
RXSCJ1237-3429 189.382 -34.490 0.0763 13.21 1.697 3 Y-1 90
RXSCJ1250-1529 192.592 -15.493 0.1454 28.35 3.300 2 91
RXSCJ1316-3439 199.020 -34.658 0.0120 18.57 1.079 9 Y-2 92
RXSCJ1255-1638 193.901 -16.650 0.0467 9.12 2.364 3 Y 93
RXSCJ1255-3012 193.808 -30.204 0.0546 6.24 5.247 6 Y 94
RXSCJ1254-1045 193.530 -10.763 0.0151 2.86 0.087 3 Y 95
RXSCJ1303-0650 195.918 -6.847 0.1928 37.10 7.236 2 96
RXSCJ1302-2353 195.702 -23.899 0.1284 6.24 5.036 2 Y 97
RXSCJ1328-3233 202.216 -32.556 0.0482 28.72 9.852 12 Y-4 98
RXSCJ1333-2526 203.462 -25.435 0.1225 35.57 6.696 5 Y-3 99
RXSCJ1349-3334 207.327 -33.577 0.0389 9.34 4.149 3 100
RXSCJ1403-1040 210.965 -10.678 0.0707 17.74 1.407 3 Y-1 101
RXSCJ1411-1242 212.943 -12.712 0.0995 12.73 1.889 2 102
RXSCJ1435-2821 218.881 -28.356 0.0676 6.47 0.743 2 Y 103
RXSCJ1502-0333 225.550 -3.555 0.2164 29.18 29.656 2 104
RXSCJ1504-0954 226.246 -9.901 0.1059 17.08 1.824 2 105
RXSCJ1505-1709 226.322 -17.155 0.2307 45.18 20.971 2 106
RXSCJ1506-0402 226.712 -4.041 0.0060 8.32 0.036 3 Y-1 107
RXSCJ1522-1012 230.660 -10.210 0.0243 6.15 0.076 2 108
RXSCJ1514-2503 228.509 -25.066 0.3256 68.96 16.131 2 109
RXSCJ1515-0044 228.817 -0.739 0.1200 11.57 4.469 3 Y 110
RXSCJ1537-0220 234.371 -2.350 0.1516 18.58 6.861 3 Y-1 111
RXSCJ1614-8311 243.631 -83.194 0.0731 8.24 3.248 2 Y 112
RXSCJ1555-0234 238.806 -2.567 0.1013 14.95 1.505 2 113
RXSCJ1616-0542 244.093 -5.708 0.2050 23.02 23.607 2 Y 114
RXSCJ1657-0148 254.478 -1.808 0.0314 0.43 0.258 2 Y 115
RXSCJ1704-0115 256.061 -1.263 0.0914 3.98 2.713 2 Y 116
RXSCJ1857-6605 284.375 -66.090 0.1855 25.54 5.487 2 117
RXSCJ1913-5042 288.489 -50.707 0.1540 28.64 4.453 2 118
RXSCJ1928-4155 292.010 -41.928 0.0767 11.12 1.250 2 119
RXSCJ2002-5518 300.601 -55.306 0.0554 21.88 7.699 7 Y/2-1 120
RXSCJ1940-4931 295.043 -49.527 0.2269 50.97 10.785 3 121
RXSCJ1941-4642 295.285 -46.711 0.2617 30.99 10.480 2 Y 122
RXSCJ1950-5156 297.672 -51.942 0.1072 4.51 2.177 2 Y 123
RXSCJ1957-4405 299.308 -44.090 0.1106 21.54 1.872 2 124
RXSCJ1956-7336 299.191 -73.614 0.2185 40.34 12.460 2 125
RXSCJ2011-3116 302.819 -31.279 0.1203 56.46 8.413 5 Y-2 126
RXSCJ2013-5542 303.330 -55.705 0.2277 33.32 7.973 2 127
RXSCJ2009-3949 302.274 -39.821 0.0191 2.99 0.097 2 Y 128
RXSCJ2032-5443 308.052 -54.720 0.1412 40.89 7.305 4 129
RXSCJ2023-3915 305.912 -39.261 0.1455 41.38 5.079 3 130
RXSCJ2014-2500 303.584 -25.007 0.1583 27.12 11.718 2 131
RXSCJ2015-8042 303.784 -80.714 0.1347 14.28 3.165 2 Y 132
RXSCJ2019-0655 304.872 -6.920 0.0808 12.45 0.862 2 133
RXSCJ2037-3630 309.412 -36.516 0.0882 37.66 7.050 6 Y-3 134
RXSCJ2101-2557 315.404 -25.956 0.0376 26.24 0.906 6 Y/2-2 135
RXSCJ2039-2143 309.892 -21.730 0.1999 22.79 7.306 2 Y 136
RXSCJ2059-4313 314.944 -43.225 0.0494 4.69 0.377 2 Y 137
RXSCJ2103-0823 315.986 -8.384 0.0806 11.46 0.905 2 138
RXSCJ2103-4030 315.992 -40.505 0.1624 36.95 8.784 3 Y-1 139
RXSCJ2102-1258 315.640 -12.975 0.0282 1.31 0.143 2 Y 140
RXSCJ2104-2249 316.135 -22.822 0.1866 42.45 13.041 5 Y/2-1 141
RXSCJ2130-2359 322.617 -23.985 0.0652 19.14 0.765 3 142
RXSCJ2128-7340 322.062 -73.674 0.0575 8.33 0.688 2 143
RXSCJ2143-4344 325.831 -43.740 0.0616 20.04 1.634 3 Y-1 144
RXSCJ2150-5632 327.703 -56.544 0.0779 30.95 8.104 8 Y-4 145
RXSCJ2135+0055 323.869 0.930 0.1219 13.96 2.474 2 Y 146
RXSCJ2152-1815 328.062 -18.250 0.0591 13.67 0.859 3 Y-1 147
RXSCJ2201-1020 330.450 -10.348 0.0813 27.14 8.276 8 Y-3 148
RXSCJ2206-5559 331.744 -55.985 0.0370 9.13 0.270 2 149
RXSCJ2152-1937 328.083 -19.625 0.0951 4.13 2.762 2 Y 150
RXSCJ2201-0603 330.458 -6.052 0.0576 8.43 1.814 3 Y 151
RXSCJ2202-2202 330.673 -22.050 0.0708 8.92 0.978 2 152
RXSCJ2228-5200 337.026 -52.002 0.1008 29.39 6.036 5 Y/2-1 153
RXSCJ2222-2938 335.652 -29.647 0.0589 11.22 1.196 2 154
RXSCJ2223-3649 335.973 -36.819 0.1494 33.21 19.595 4 Y-2 155
RXSCJ2235-6442 338.959 -64.706 0.0941 12.21 5.736 4 Y 156
RXSCJ2221-0333 335.436 -3.565 0.0902 16.56 5.546 4 Y-1 157
RXSCJ2247-3211 341.830 -32.197 0.2395 65.03 14.744 3 158
RXSCJ2246-1812 341.572 -18.208 0.1299 34.02 5.573 3 Y-1 159
RXSCJ2306-1319 346.726 -13.325 0.0670 4.79 1.150 2 Y 160
RXSCJ2308-0205 347.093 -2.084 0.2998 15.14 14.380 2 Y 161
RXSCJ2316-2137 349.030 -21.623 0.0858 16.87 3.517 3 Y-1 162
RXSCJ2318-7350 349.648 -73.850 0.0982 5.29 1.607 2 Y 163
RXSCJ2350-2650 357.683 -26.844 0.2262 22.75 15.227 2 Y 164